# d=-11.8 u_star=-98.215603602 m=-1.00102701737 C=1.0020550895
# s  F2_minus_ustar
-2 -2.15105010967
-1.998 -2.1484661185
-1.996 -2.14588433035
-1.994 -2.14330473187
-1.992 -2.14072731097
-1.99 -2.13815205541
-1.988 -2.13557895168
-1.986 -2.13300798713
-1.984 -2.1304391496
-1.982 -2.12787242479
-1.98 -2.12532504228
-1.978 -2.12279207985
-1.976 -2.12026138211
-1.974 -2.11773293691
-1.972 -2.11520673195
-1.97 -2.11266086175
-1.968 -2.11018311772
-1.966 -2.10763469
-1.964 -2.10508859593
-1.962 -2.10258849046
-1.96 -2.10004492841
-1.958 -2.09750354356
-1.956 -2.0949643272
-1.954 -2.09246745719
-1.952 -2.08993094477
-1.95 -2.0873501857
-1.948 -2.08482031001
-1.946 -2.0822925121
-1.944 -2.07976681242
-1.942 -2.07724286934
-1.94 -2.07472099729
-1.938 -2.0722012122
-1.936 -2.06968350546
-1.934 -2.06716786834
-1.932 -2.06465429217
-1.93 -2.06214276823
-1.928 -2.05963328758
-1.926 -2.05712584166
-1.924 -2.05462042153
-1.922 -2.05211701851
-1.92 -2.04961562373
-1.918 -2.04711622787
-1.916 -2.04461882434
-1.914 -2.04212342925
-1.912 -2.03963004976
-1.91 -2.03713867684
-1.908 -2.03464930177
-1.906 -2.03216190408
-1.904 -2.0296739921
-1.902 -2.02719346315
-1.9 -2.02471495651
-1.898 -2.02223846417
-1.896 -2.01976397803
-1.894 -2.01729149007
-1.892 -2.01482099213
-1.89 -2.01235246787
-1.888 -2.00984921137
-1.886 -2.0073808116
-1.884 -2.0049142257
-1.882 -2.00244944414
-1.88 -1.99998645743
-1.878 -1.99752525596
-1.876 -1.99506582994
-1.874 -1.9924826216
-1.872 -1.98998196354
-1.87 -1.9875208294
-1.868 -1.98506154219
-1.866 -1.98260409432
-1.864 -1.98014847979
-1.862 -1.97769469117
-1.86 -1.97523517178
-1.858 -1.97277585544
-1.856 -1.9703281847
-1.854 -1.96788235595
-1.852 -1.96543836283
-1.85 -1.96299619896
-1.848 -1.9605558573
-1.846 -1.95811733081
-1.844 -1.95568061306
-1.842 -1.95324569759
-1.84 -1.95081257695
-1.838 -1.94838123306
-1.836 -1.94595160361
-1.834 -1.94352377032
-1.832 -1.94109772675
-1.83 -1.93867346663
-1.828 -1.93625098358
-1.826 -1.93383027089
-1.824 -1.93141131737
-1.822 -1.92899412668
-1.82 -1.92657872876
-1.818 -1.92416514983
-1.816 -1.92175335324
-1.814 -1.91934332623
-1.812 -1.91693506237
-1.81 -1.91451798043
-1.808 -1.91211018768
-1.806 -1.90970351973
-1.804 -1.90729852353
-1.802 -1.9048952348
-1.8 -1.90249372279
-1.798 -1.90009391505
-1.796 -1.89769580562
-1.794 -1.89529938836
-1.792 -1.89290465713
-1.79 -1.89051160592
-1.788 -1.88808427455
-1.786 -1.88568850148
-1.784 -1.88329433378
-1.782 -1.88092016406
-1.78 -1.87853190548
-1.778 -1.87614528368
-1.776 -1.87376027618
-1.774 -1.87137689384
-1.772 -1.86899513239
-1.77 -1.86661498734
-1.768 -1.8642364546
-1.766 -1.861859927
-1.764 -1.85948513317
-1.762 -1.85709993528
-1.76 -1.85470675562
-1.758 -1.85231515913
-1.756 -1.84992514142
-1.754 -1.84753669826
-1.752 -1.8451498251
-1.75 -1.84276451747
-1.748 -1.84038077127
-1.746 -1.83799858191
-1.744 -1.83561794505
-1.742 -1.83323885632
-1.74 -1.83086131116
-1.738 -1.82848530558
-1.736 -1.82611083469
-1.734 -1.82373779456
-1.732 -1.8213662856
-1.73 -1.81899634872
-1.728 -1.81662795185
-1.726 -1.81427325451
-1.724 -1.81190518693
-1.722 -1.80944801987
-1.72 -1.80710139083
-1.718 -1.80475626882
-1.716 -1.80241267059
-1.714 -1.80007061972
-1.712 -1.7977301218
-1.71 -1.79539117264
-1.708 -1.79305376818
-1.706 -1.79071790463
-1.704 -1.78838357711
-1.702 -1.7860507821
-1.7 -1.78371951532
-1.698 -1.78137695693
-1.696 -1.77904586068
-1.694 -1.77671617781
-1.692 -1.77438790331
-1.69 -1.77211309977
-1.688 -1.76978425025
-1.686 -1.76745683845
-1.684 -1.765130861
-1.682 -1.76280631466
-1.68 -1.76048319623
-1.678 -1.75816150251
-1.676 -1.75584123006
-1.674 -1.7535223759
-1.672 -1.7512049367
-1.67 -1.7488889093
-1.668 -1.7465742905
-1.666 -1.74426107708
-1.664 -1.74194926596
-1.662 -1.7396388576
-1.66 -1.73731109184
-1.658 -1.73498443144
-1.656 -1.73265892857
-1.654 -1.73033455674
-1.652 -1.72801156465
-1.65 -1.72568994951
-1.648 -1.72336970846
-1.646 -1.72105080022
-1.644 -1.71873322653
-1.642 -1.71641709646
-1.64 -1.71410240744
-1.638 -1.71182410827
-1.636 -1.70950997307
-1.634 -1.70719716425
-1.632 -1.70488567854
-1.63 -1.70257551269
-1.628 -1.70026666346
-1.626 -1.69795912766
-1.624 -1.695652902
-1.622 -1.69334797046
-1.62 -1.69104430473
-1.618 -1.68874192035
-1.616 -1.68644077074
-1.614 -1.68414093187
-1.612 -1.68184239747
-1.61 -1.67954516735
-1.608 -1.67724924616
-1.606 -1.67495463071
-1.604 -1.67266309172
-1.602 -1.67036846369
-1.6 -1.66807502869
-1.598 -1.66578278924
-1.596 -1.66349174179
-1.594 -1.66120188208
-1.592 -1.65891320674
-1.59 -1.65662571168
-1.588 -1.65433939298
-1.586 -1.65210423803
-1.584 -1.64968488865
-1.582 -1.64740100997
-1.58 -1.64511838391
-1.578 -1.64283700867
-1.576 -1.64055688284
-1.574 -1.63827811766
-1.572 -1.63601270757
-1.57 -1.63375492085
-1.568 -1.63149849388
-1.566 -1.62924342502
-1.564 -1.62698971381
-1.562 -1.62473735862
-1.56 -1.62248635836
-1.558 -1.62023671202
-1.556 -1.61798841838
-1.554 -1.61574157646
-1.552 -1.61347395855
-1.55 -1.61120648048
-1.548 -1.60894027133
-1.546 -1.60667532957
-1.544 -1.60441165422
-1.542 -1.60214924402
-1.54 -1.59993922931
-1.538 -1.59767721667
-1.536 -1.59541635893
-1.534 -1.59315665449
-1.532 -1.59089742314
-1.53 -1.58863920901
-1.528 -1.58638221108
-1.526 -1.58412642752
-1.524 -1.58187185668
-1.522 -1.57961849671
-1.52 -1.57736636842
-1.518 -1.57511544892
-1.516 -1.57286573335
-1.514 -1.57061724442
-1.512 -1.56836992831
-1.51 -1.56612379679
-1.508 -1.56389759497
-1.506 -1.56165174344
-1.504 -1.5594069915
-1.502 -1.55716328304
-1.5 -1.55492065165
-1.498 -1.55267913718
-1.496 -1.55043873755
-1.494 -1.54819945058
-1.492 -1.54596126642
-1.49 -1.54372419071
-1.488 -1.54148823356
-1.486 -1.53925342838
-1.484 -1.53701977349
-1.482 -1.53478726718
-1.48 -1.53255590777
-1.478 -1.53032569359
-1.476 -1.52809662298
-1.474 -1.52586869429
-1.472 -1.52364208454
-1.47 -1.52141662972
-1.468 -1.51919237858
-1.466 -1.51696933088
-1.464 -1.51474748637
-1.462 -1.51252684488
-1.46 -1.51030740613
-1.458 -1.50808917005
-1.456 -1.50587213661
-1.454 -1.50365630568
-1.452 -1.50144163693
-1.45 -1.49922814519
-1.448 -1.49696641896
-1.446 -1.49475311131
-1.444 -1.49253685228
-1.442 -1.4903019365
-1.44 -1.48805502978
-1.438 -1.48584226646
-1.436 -1.48363058424
-1.434 -1.48141998258
-1.432 -1.47920426187
-1.43 -1.47697364332
-1.428 -1.47474401038
-1.426 -1.47251536253
-1.424 -1.47028769834
-1.422 -1.46806101742
-1.42 -1.4659105608
-1.418 -1.46368835457
-1.416 -1.46146716081
-1.414 -1.45924697872
-1.412 -1.4570278078
-1.41 -1.45480964839
-1.408 -1.45262698311
-1.406 -1.45040886268
-1.404 -1.44819166664
-1.402 -1.4459751704
-1.4 -1.44375960304
-1.398 -1.44154499377
-1.396 -1.43933134112
-1.394 -1.43711968278
-1.392 -1.434909209
-1.39 -1.43269977204
-1.388 -1.43049137158
-1.386 -1.42828400776
-1.384 -1.42607768065
-1.382 -1.42387319159
-1.38 -1.4216849359
-1.378 -1.41949788589
-1.376 -1.41731186438
-1.374 -1.41512667549
-1.372 -1.41294231819
-1.37 -1.41075879266
-1.368 -1.40857609874
-1.366 -1.40646909779
-1.364 -1.40428561932
-1.362 -1.40210298662
-1.36 -1.39992119985
-1.358 -1.39774025938
-1.356 -1.39556016517
-1.354 -1.39338091751
-1.352 -1.39120251642
-1.35 -1.38902496212
-1.348 -1.38684825457
-1.346 -1.38467239373
-1.344 -1.38249740094
-1.342 -1.38032325462
-1.34 -1.37814995337
-1.338 -1.37597749689
-1.336 -1.3738058854
-1.334 -1.37163511874
-1.332 -1.3694651967
-1.33 -1.36729589801
-1.328 -1.36512622091
-1.326 -1.36295726563
-1.324 -1.36078903082
-1.322 -1.35862151475
-1.32 -1.35645471578
-1.318 -1.35428863251
-1.316 -1.35212326322
-1.314 -1.34995860626
-1.312 -1.34773743075
-1.31 -1.34556968381
-1.308 -1.34340260049
-1.306 -1.34123617885
-1.304 -1.33907041701
-1.302 -1.33690531307
-1.3 -1.33474086149
-1.298 -1.33257702671
-1.296 -1.3304138379
-1.294 -1.32825129301
-1.292 -1.32608939006
-1.29 -1.32392807116
-1.288 -1.32176766661
-1.286 -1.31960790848
-1.284 -1.31743698568
-1.282 -1.31526435556
-1.28 -1.31309229782
-1.278 -1.31092081089
-1.276 -1.30874989255
-1.274 -1.30657954051
-1.272 -1.30444035411
-1.27 -1.30228334144
-1.268 -1.30012691359
-1.266 -1.29795954097
-1.264 -1.29579182733
-1.262 -1.29368138283
-1.26 -1.29151653048
-1.258 -1.28935221771
-1.256 -1.2871884437
-1.254 -1.28496523722
-1.252 -1.28280186266
-1.25 -1.28063954802
-1.248 -1.27847814919
-1.246 -1.27631731458
-1.244 -1.27415704142
-1.242 -1.27199732782
-1.24 -1.2698381719
-1.238 -1.26767957074
-1.236 -1.26552152317
-1.234 -1.26336402648
-1.232 -1.26120707857
-1.23 -1.25905067791
-1.228 -1.25689482122
-1.226 -1.25473948733
-1.224 -1.25258462813
-1.222 -1.25043031423
-1.22 -1.24827654282
-1.218 -1.24612331234
-1.216 -1.24397062047
-1.214 -1.24181894722
-1.212 -1.23968183984
-1.21 -1.23754532423
-1.208 -1.23540939744
-1.206 -1.23327405822
-1.204 -1.23113930373
-1.202 -1.22900513251
-1.2 -1.22687154186
-1.198 -1.22473853011
-1.196 -1.22260609488
-1.194 -1.22047422705
-1.192 -1.21834293272
-1.19 -1.21614387147
-1.188 -1.21400066771
-1.186 -1.21186396596
-1.184 -1.20973631869
-1.182 -1.2076092534
-1.18 -1.20548276889
-1.178 -1.20344310944
-1.176 -1.20131578927
-1.174 -1.19918904424
-1.172 -1.1970628724
-1.17 -1.19493727198
-1.168 -1.1928122412
-1.166 -1.19068777819
-1.164 -1.1885638806
-1.162 -1.18644054694
-1.16 -1.18431777518
-1.158 -1.18219562596
-1.156 -1.18007405684
-1.154 -1.17795305821
-1.152 -1.17583262853
-1.15 -1.17371276564
-1.148 -1.17159346752
-1.146 -1.16947474766
-1.144 -1.16735659344
-1.142 -1.16523899691
-1.14 -1.1631477252
-1.138 -1.16102923969
-1.136 -1.15891132426
-1.134 -1.15679397738
-1.132 -1.15467719748
-1.13 -1.15256098305
-1.128 -1.15044533247
-1.126 -1.1483302443
-1.124 -1.14621572006
-1.122 -1.14410179583
-1.12 -1.14198846396
-1.118 -1.13987572299
-1.116 -1.13776357142
-1.114 -1.13565242673
-1.112 -1.13354245988
-1.11 -1.13137808275
-1.108 -1.12926685787
-1.106 -1.12715649573
-1.104 -1.12504677573
-1.102 -1.12293797754
-1.1 -1.12082992657
-1.098 -1.11872254577
-1.096 -1.11657142528
-1.094 -1.1144628338
-1.092 -1.11235485946
-1.09 -1.11024750089
-1.088 -1.10814075648
-1.086 -1.10603462466
-1.084 -1.10392910372
-1.082 -1.10182419242
-1.08 -1.09971988901
-1.078 -1.09761619189
-1.076 -1.09551309937
-1.074 -1.09341061022
-1.072 -1.09130872264
-1.07 -1.08920743501
-1.068 -1.08710674593
-1.066 -1.0850065847
-1.064 -1.08290701336
-1.062 -1.0807921047
-1.06 -1.07867678732
-1.058 -1.07656201644
-1.056 -1.07444778968
-1.054 -1.07233410588
-1.052 -1.07022096311
-1.05 -1.06803042123
-1.048 -1.06591680187
-1.046 -1.06380372308
-1.044 -1.06169118322
-1.042 -1.05957918083
-1.04 -1.05746771455
-1.038 -1.05535668107
-1.036 -1.05324614302
-1.034 -1.05113614945
-1.032 -1.04902669849
-1.03 -1.04691778906
-1.028 -1.04480941958
-1.026 -1.04270499221
-1.024 -1.04061124141
-1.022 -1.03851423163
-1.02 -1.03642082012
-1.018 -1.03432803351
-1.016 -1.03223587163
-1.014 -1.03014433823
-1.012 -1.02805350758
-1.01 -1.02596329204
-1.008 -1.02387368761
-1.006 -1.021784704
-1.004 -1.01969634006
-1.002 -1.01760859536
-1 -1.01552146785
-0.998 -1.01343495717
-0.996 -1.01134906202
-0.994 -1.0092637813
-0.992 -1.00717911401
-0.99 -1.00509505918
-0.988 -1.00301161545
-0.986 -1.00092878174
-0.984 -0.998846557447
-0.982 -0.99676494117
-0.98 -0.994683931774
-0.978 -0.992603528354
-0.976 -0.990523729731
-0.974 -0.988444534899
-0.972 -0.986365942703
-0.97 -0.984287952206
-0.968 -0.98221056224
-0.966 -0.980133771832
-0.964 -0.978030306085
-0.962 -0.975952256429
-0.96 -0.973874753096
-0.958 -0.971797794949
-0.956 -0.969721380785
-0.954 -0.967645509407
-0.952 -0.965512464964
-0.95 -0.963438955739
-0.948 -0.961365999495
-0.946 -0.959293594859
-0.944 -0.957221596081
-0.942 -0.955149621233
-0.94 -0.953078225351
-0.938 -0.950967010846
-0.936 -0.948894108219
-0.934 -0.946821727901
-0.932 -0.944749868484
-0.93 -0.942678528811
-0.928 -0.940607707787
-0.926 -0.938579334833
-0.924 -0.936508187556
-0.922 -0.934437555799
-0.92 -0.932367438472
-0.918 -0.930297834349
-0.916 -0.928228742217
-0.914 -0.926160161131
-0.912 -0.924092089808
-0.91 -0.922024527177
-0.908 -0.919957472102
-0.906 -0.917890923404
-0.904 -0.915824879963
-0.902 -0.913761701732
-0.9 -0.911695421244
-0.898 -0.909629651761
-0.896 -0.907564487534
-0.894 -0.905500061607
-0.892 -0.90343616217
-0.89 -0.901366588411
-0.888 -0.899286715812
-0.886 -0.89720733144
-0.884 -0.895128433976
-0.882 -0.893050022765
-0.88 -0.890972096882
-0.878 -0.888894655428
-0.876 -0.886817697539
-0.874 -0.884741222132
-0.872 -0.882665228381
-0.87 -0.880589557956
-0.868 -0.878514366149
-0.866 -0.876439665983
-0.864 -0.874365456648
-0.862 -0.872291737018
-0.86 -0.870218506546
-0.858 -0.868145764039
-0.856 -0.866073508908
-0.854 -0.864001740184
-0.852 -0.861930456954
-0.85 -0.859859658463
-0.848 -0.857789343525
-0.846 -0.855719511606
-0.844 -0.853650161849
-0.842 -0.851581293082
-0.84 -0.849512904774
-0.838 -0.847444995854
-0.836 -0.845377565278
-0.834 -0.843310601839
-0.832 -0.841244101426
-0.83 -0.839178022389
-0.828 -0.837112418097
-0.826 -0.835047287962
-0.824 -0.832982630757
-0.822 -0.830918445808
-0.82 -0.828854732166
-0.818 -0.826791488867
-0.816 -0.824728714797
-0.814 -0.822666409788
-0.812 -0.820604572031
-0.81 -0.818543201204
-0.808 -0.816386907753
-0.806 -0.814325248616
-0.804 -0.812258000108
-0.802 -0.810195148073
-0.8 -0.808132721864
-0.798 -0.806078368808
-0.796 -0.804027736087
-0.794 -0.80197731142
-0.792 -0.799926654866
-0.79 -0.797876475022
-0.788 -0.795826770874
-0.786 -0.793777541497
-0.784 -0.791728786338
-0.782 -0.789680504036
-0.78 -0.787632694209
-0.778 -0.785664758352
-0.776 -0.783616470931
-0.774 -0.781568656891
-0.772 -0.779521323386
-0.77 -0.777474592616
-0.768 -0.775428351384
-0.766 -0.773382599063
-0.764 -0.771337335327
-0.762 -0.769292559109
-0.76 -0.767248269939
-0.758 -0.765204467315
-0.756 -0.763161150206
-0.754 -0.761118318431
-0.752 -0.75907597106
-0.75 -0.757034107428
-0.748 -0.754992726908
-0.746 -0.752951828901
-0.744 -0.75085692704
-0.742 -0.748814108533
-0.74 -0.746771718454
-0.738 -0.744729756237
-0.736 -0.742688220924
-0.734 -0.740647111984
-0.732 -0.738606428406
-0.73 -0.736566169636
-0.728 -0.734526334833
-0.726 -0.732486932255
-0.724 -0.73044795445
-0.722 -0.728409397574
-0.72 -0.726371261011
-0.718 -0.724333544147
-0.716 -0.72229624618
-0.714 -0.720259366125
-0.712 -0.718222903455
-0.71 -0.716186857346
-0.708 -0.714151226988
-0.706 -0.712116011668
-0.704 -0.710081210628
-0.702 -0.708045408077
-0.7 -0.705995031272
-0.698 -0.703945034198
-0.696 -0.701895416028
-0.694 -0.69984587201
-0.692 -0.697796913809
-0.69 -0.695748343407
-0.688 -0.693700050446
-0.686 -0.691652073801
-0.684 -0.689604493636
-0.682 -0.687557309441
-0.68 -0.685510520391
-0.678 -0.683464126044
-0.676 -0.681418125554
-0.674 -0.679372518426
-0.672 -0.677327303925
-0.67 -0.675282481369
-0.668 -0.673238050059
-0.666 -0.671194009445
-0.664 -0.669150358834
-0.662 -0.667090284631
-0.66 -0.665048374464
-0.658 -0.66300685906
-0.656 -0.660965737919
-0.654 -0.65892501039
-0.652 -0.656896595684
-0.65 -0.65485464951
-0.648 -0.652813169407
-0.646 -0.65077224738
-0.644 -0.648731876132
-0.642 -0.646692070816
-0.64 -0.644652846209
-0.638 -0.642614208549
-0.636 -0.640594195559
-0.634 -0.638554215181
-0.632 -0.636514754286
-0.63 -0.634475803001
-0.628 -0.632438256368
-0.626 -0.630401015323
-0.624 -0.628364102407
-0.622 -0.62632753064
-0.62 -0.624291299559
-0.618 -0.622255408553
-0.616 -0.620240327593
-0.614 -0.618203202117
-0.612 -0.616166328693
-0.61 -0.614165611463
-0.608 -0.612182458166
-0.606 -0.610142247225
-0.604 -0.608102366973
-0.602 -0.60606281855
-0.6 -0.60402360379
-0.598 -0.602050976717
-0.596 -0.60002130466
-0.594 -0.59799699805
-0.592 -0.595973192079
-0.59 -0.593949894999
-0.588 -0.591880298411
-0.586 -0.589838190429
-0.584 -0.587795786893
-0.582 -0.585739539084
-0.58 -0.583718155372
-0.578 -0.581697485488
-0.576 -0.57967754459
-0.574 -0.577584243139
-0.572 -0.575562440269
-0.57 -0.573541355892
-0.568 -0.571521007021
-0.566 -0.5695014123
-0.564 -0.56741316827
-0.562 -0.56539158802
-0.56 -0.563370745326
-0.558 -0.561350660696
-0.556 -0.559331355979
-0.554 -0.557312854687
-0.552 -0.555295180823
-0.55 -0.553277737023
-0.548 -0.551258233111
-0.546 -0.549223681
-0.544 -0.547184219822
-0.542 -0.545126663162
-0.54 -0.543107509601
-0.538 -0.541088993288
-0.536 -0.53899323311
-0.534 -0.536971971459
-0.532 -0.534951266435
-0.53 -0.532931133753
-0.528 -0.530911590181
-0.526 -0.528892653488
-0.524 -0.526801012843
-0.522 -0.52478898706
-0.52 -0.52277765374
-0.518 -0.520694305257
-0.516 -0.518681202557
-0.514 -0.516668785095
-0.512 -0.514657079669
-0.51 -0.512646114702
-0.508 -0.510635921377
-0.506 -0.508626533905
-0.504 -0.50661798891
-0.502 -0.504605570466
-0.5 -0.502572196058
-0.498 -0.500539025169
-0.496 -0.498506040859
-0.494 -0.496506558745
-0.492 -0.494501667778
-0.49 -0.49241164388
-0.488 -0.490403431833
-0.486 -0.488474185194
-0.484 -0.486467194463
-0.482 -0.484461451933
-0.48 -0.482457052602
-0.478 -0.480437666525
-0.476 -0.478401151804
-0.474 -0.47636476151
-0.472 -0.474328852629
-0.47 -0.472293488196
-0.468 -0.470333749613
-0.466 -0.468295175724
-0.464 -0.466257018251
-0.462 -0.464219463068
-0.46 -0.462182629326
-0.458 -0.460146665801
-0.456 -0.458111304349
-0.454 -0.456077287585
-0.452 -0.454089961366
-0.45 -0.452053272103
-0.448 -0.450085131642
-0.446 -0.448077917814
-0.444 -0.44607180465
-0.442 -0.444066906307
-0.44 -0.442063358026
-0.438 -0.44006131937
-0.436 -0.438054604417
-0.434 -0.436034628907
-0.432 -0.433953237939
-0.43 -0.431938486565
-0.428 -0.429923881302
-0.426 -0.427909420856
-0.424 -0.425895105144
-0.422 -0.423880935395
-0.42 -0.421866912487
-0.418 -0.419853031008
-0.416 -0.417839289954
-0.414 -0.415825688669
-0.412 -0.413812225902
-0.41 -0.41179890142
-0.408 -0.409785713571
-0.406 -0.407772662041
-0.404 -0.405759745778
-0.402 -0.403746963929
-0.4 -0.401734315779
-0.398 -0.399721800062
-0.396 -0.397632031699
-0.394 -0.395633322411
-0.392 -0.393619363015
-0.39 -0.39160552995
-0.388 -0.389591832963
-0.386 -0.387588660548
-0.384 -0.385587977348
-0.382 -0.383587774831
-0.38 -0.381588001114
-0.378 -0.379588613721
-0.376 -0.377589576214
-0.374 -0.375586049865
-0.372 -0.373529148371
-0.37 -0.371533096481
-0.368 -0.369531133838
-0.366 -0.367441259961
-0.364 -0.365414469479
-0.362 -0.363389363805
-0.36 -0.361365727156
-0.358 -0.359343377397
-0.356 -0.357322160757
-0.354 -0.355301945532
-0.352 -0.353282619552
-0.35 -0.351264086121
-0.348 -0.349246261666
-0.346 -0.347229073849
-0.344 -0.345212459618
-0.342 -0.343196363904
-0.34 -0.341180738488
-0.338 -0.339165540882
-0.336 -0.337150733806
-0.334 -0.335136283975
-0.332 -0.333122162318
-0.33 -0.331108342494
-0.328 -0.329094801467
-0.326 -0.327081518366
-0.324 -0.325068474601
-0.322 -0.323055653463
-0.32 -0.321043040033
-0.318 -0.319030620728
-0.316 -0.317018383445
-0.314 -0.315042562934
-0.312 -0.313033236788
-0.31 -0.311023975673
-0.308 -0.309014775726
-0.306 -0.307005632651
-0.304 -0.304994795588
-0.302 -0.302985804831
-0.3 -0.300976865472
-0.298 -0.298967975526
-0.296 -0.296959132621
-0.294 -0.294950335147
-0.292 -0.292941581354
-0.29 -0.290932869462
-0.288 -0.288924198343
-0.286 -0.286915566804
-0.284 -0.284906973824
-0.282 -0.282898418204
-0.28 -0.280851145466
-0.278 -0.27884242279
-0.276 -0.276833736493
-0.274 -0.274825086172
-0.272 -0.272816471362
-0.27 -0.270807891605
-0.268 -0.268799346173
-0.266 -0.2667908347
-0.264 -0.264853670631
-0.262 -0.262845945539
-0.26 -0.260838239691
-0.258 -0.258830552727
-0.256 -0.256822885173
-0.254 -0.254805409704
-0.252 -0.252798361563
-0.25 -0.250791334856
-0.248 -0.248784330101
-0.246 -0.24677734667
-0.244 -0.244770384214
-0.242 -0.242763442736
-0.24 -0.240756522127
-0.238 -0.238746721228
-0.236 -0.236735978099
-0.234 -0.234725306212
-0.232 -0.232714705121
-0.23 -0.230704173651
-0.228 -0.228693711128
-0.226 -0.22668331749
-0.224 -0.22467299142
-0.222 -0.222662732505
-0.22 -0.220575844174
-0.218 -0.218565628574
-0.216 -0.216567766545
-0.214 -0.214557760167
-0.212 -0.212547817408
-0.21 -0.210537938084
-0.208 -0.208528121143
-0.206 -0.206518365931
-0.204 -0.204508671651
-0.202 -0.202499037909
-0.2 -0.200489463785
-0.198 -0.198479948916
-0.196 -0.196470492525
-0.194 -0.194462447623
-0.192 -0.192456893344
-0.19 -0.190451346787
-0.188 -0.188445807524
-0.186 -0.186440275498
-0.184 -0.184434749511
-0.182 -0.182429230648
-0.18 -0.180423717398
-0.178 -0.178418210036
-0.176 -0.176412707785
-0.174 -0.17440721113
-0.172 -0.172398067319
-0.17 -0.170388916189
-0.168 -0.168379815626
-0.166 -0.166270238036
-0.164 -0.164263846358
-0.162 -0.162257500966
-0.16 -0.160251200858
-0.158 -0.158244945902
-0.156 -0.156238734829
-0.154 -0.154232568042
-0.152 -0.152284167615
-0.15 -0.150280153182
-0.148 -0.148276188556
-0.146 -0.146272273556
-0.144 -0.144268407607
-0.142 -0.142337313261
-0.14 -0.140333048618
-0.138 -0.138328831555
-0.136 -0.136324661439
-0.134 -0.134320537686
-0.132 -0.132316459674
-0.13 -0.130312426521
-0.128 -0.128308438078
-0.126 -0.126304493312
-0.124 -0.12430059194
-0.122 -0.122296733446
-0.12 -0.120292916646
-0.118 -0.118289141793
-0.116 -0.116285407249
-0.114 -0.114225486361
-0.112 -0.112221275174
-0.11 -0.110217100028
-0.108 -0.108212960097
-0.106 -0.106208877415
-0.104 -0.104204834402
-0.102 -0.102200824771
-0.1 -0.100196848116
-0.098 -0.0981929039285
-0.096 -0.096188991212
-0.094 -0.0941851097281
-0.092 -0.0921812589751
-0.09 -0.0901774379762
-0.088 -0.0881736463286
-0.086 -0.0861698834093
-0.084 -0.0841661484855
-0.082 -0.0821624411311
-0.08 -0.0801587607847
-0.078 -0.0781551066766
-0.076 -0.0761514782451
-0.074 -0.0741478750618
-0.072 -0.0721442962459
-0.07 -0.0701368171999
-0.068 -0.0681329954502
-0.066 -0.0661291977713
-0.064 -0.0640902070626
-0.062 -0.0620860924958
-0.06 -0.0600819982569
-0.058 -0.0580779235581
-0.056 -0.0560652818452
-0.054 -0.0540610534712
-0.052 -0.0520568409161
-0.05 -0.0500526438546
-0.048 -0.0480484617649
-0.046 -0.0460442938006
-0.044 -0.0440401387688
-0.042 -0.0420359942515
-0.04 -0.0400689605191
-0.038 -0.0380647138775
-0.036 -0.0360604778055
-0.034 -0.0340562520578
-0.032 -0.0320520358616
-0.03 -0.0300478286858
-0.028 -0.0280436299969
-0.026 -0.0260394390657
-0.024 -0.0240352719417
-0.022 -0.022031115139
-0.02 -0.0200269646488
-0.018 -0.0180228196067
-0.016 -0.0160186796473
-0.014 -0.0140145440629
-0.012 -0.0120104125124
-0.01 -0.0100062841057
-0.008 -0.00800215853768
-0.006 -0.00599803505092
-0.004 -0.00400821852141
-0.002 -0.00200410963642
0 -7.64543983678e-12
0.002 0.00200411096209
0.004 0.00400822380465
0.006 0.00599800456541
0.008 0.00800212806568
0.01 0.0100062563106
0.012 0.0120103900163
0.014 0.0140145296352
0.016 0.0160186756795
0.018 0.018022828849
0.02 0.0200269896255
0.022 0.0220311585524
0.024 0.02403533634
0.026 0.0260395258504
0.028 0.0280437428328
0.03 0.0300479704519
0.032 0.03205220892
0.034 0.0340564590867
0.036 0.0360607213334
0.038 0.0380649962929
0.04 0.0400692845457
0.042 0.0420735866746
0.044 0.0440400056888
0.046 0.0460441858125
0.048 0.0480483807223
0.05 0.05005259212
0.052 0.0520568205829
0.054 0.0540610669093
0.056 0.0560653317184
0.058 0.0580696152928
0.06 0.0600823310361
0.062 0.0620864729142
0.064 0.0640906370753
0.066 0.0661305094971
0.068 0.0681343825751
0.07 0.0701382813901
0.072 0.0721422064682
0.074 0.0741497296139
0.076 0.076153417538
0.078 0.0781571323594
0.08 0.0801608742485
0.082 0.0821646436811
0.084 0.0841684415871
0.086 0.0861722681698
0.088 0.0881761243054
0.09 0.0901800104635
0.092 0.092183927159
0.094 0.0941878747117
0.096 0.0961918540321
0.098 0.0981958658585
0.1 0.100199910343
0.102 0.10220398818
0.104 0.104208099932
0.106 0.106212246224
0.108 0.108216427789
0.11 0.110220649661
0.112 0.112224930381
0.114 0.114229248239
0.116 0.11623360356
0.118 0.118295775565
0.12 0.120299691747
0.122 0.122303650018
0.124 0.124307650753
0.126 0.126311693779
0.128 0.128315780531
0.13 0.130319910938
0.132 0.132324086262
0.134 0.134328306054
0.136 0.136332571813
0.138 0.138336883613
0.14 0.140341242016
0.142 0.142345647771
0.144 0.144350101502
0.146 0.146354603507
0.148 0.148282250929
0.15 0.150286305884
0.152 0.152290410715
0.154 0.154294565059
0.156 0.156298769866
0.158 0.158244269602
0.16 0.16025059126
0.162 0.162256958189
0.164 0.164263371296
0.166 0.166269831087
0.168 0.16827633736
0.17 0.170282892144
0.172 0.172397352193
0.174 0.174406685947
0.176 0.176416073238
0.178 0.178425513792
0.18 0.18043301827
0.182 0.18243878698
0.184 0.18444456357
0.186 0.186450349311
0.188 0.18845614347
0.19 0.190461947274
0.192 0.1924677601
0.194 0.19447358325
0.196 0.196479415929
0.198 0.19848525955
0.2 0.200491113429
0.202 0.202499066385
0.204 0.204508823804
0.206 0.206518641231
0.208 0.20852852023
0.21 0.210538460716
0.212 0.212548463912
0.214 0.214558530194
0.216 0.216568659346
0.218 0.218578852909
0.22 0.220589111566
0.222 0.222599435552
0.224 0.224609825296
0.226 0.226607208672
0.228 0.228617803906
0.23 0.230628468041
0.232 0.232721805891
0.234 0.234732570442
0.236 0.236743404263
0.238 0.238754308131
0.24 0.240765282701
0.242 0.24277632833
0.244 0.244787445594
0.246 0.246798635629
0.248 0.248809898291
0.25 0.250818837816
0.252 0.252826263793
0.254 0.254833713138
0.256 0.256841186246
0.258 0.258848683204
0.26 0.260856204033
0.262 0.262863749335
0.264 0.264871319205
0.266 0.266890012186
0.268 0.268898214309
0.27 0.270906439058
0.272 0.272914686013
0.274 0.274922955304
0.276 0.276931246682
0.278 0.278862902152
0.28 0.280871943309
0.282 0.282881020855
0.284 0.284890135369
0.286 0.286899287267
0.288 0.288908476397
0.29 0.290917703769
0.292 0.292926969957
0.294 0.294936275329
0.296 0.296987950277
0.298 0.298997119443
0.3 0.30100632826
0.302 0.303015577783
0.304 0.30502486887
0.306 0.30703420261
0.308 0.30904357984
0.31 0.311053002385
0.312 0.313062470967
0.314 0.315071987637
0.316 0.317081553768
0.318 0.319091171311
0.32 0.321100842252
0.322 0.32311254659
0.324 0.325122374345
0.326 0.327132260113
0.328 0.329142207186
0.33 0.331152218936
0.332 0.333124694466
0.334 0.335137573635
0.336 0.337150622081
0.338 0.339163849532
0.34 0.3411772664
0.342 0.343190884454
0.344 0.345204716208
0.346 0.347218775829
0.348 0.349233078781
0.35 0.351247642042
0.352 0.353262484278
0.354 0.355277626692
0.356 0.357293092136
0.358 0.359308906476
0.36 0.361325098564
0.362 0.363341700144
0.364 0.365358747238
0.366 0.367376280098
0.368 0.369394344036
0.37 0.371412990068
0.372 0.373432275778
0.374 0.375452266775
0.376 0.377473037673
0.378 0.379494673355
0.38 0.381517271428
0.382 0.383540943641
0.384 0.385565819529
0.386 0.38759204895
0.388 0.389619806405
0.39 0.391724402606
0.392 0.393727779538
0.394 0.395724910378
0.396 0.397721868018
0.398 0.399794233035
0.4 0.401794102167
0.402 0.403794261925
0.404 0.405794735787
0.406 0.407795553282
0.408 0.40979674754
0.41 0.411798357952
0.412 0.413800431229
0.414 0.415811599115
0.416 0.417826417605
0.418 0.419841364666
0.42 0.421856441242
0.422 0.423871637898
0.424 0.425869286748
0.426 0.427969984114
0.428 0.429983756861
0.43 0.431997654536
0.432 0.43401167744
0.434 0.436025826237
0.436 0.438040101582
0.438 0.440054504074
0.44 0.442069034545
0.442 0.444083693922
0.444 0.446098481962
0.446 0.448113400395
0.448 0.450128449275
0.45 0.452143629116
0.452 0.454158941125
0.454 0.456174385622
0.456 0.458189968067
0.458 0.46020568757
0.46 0.46222154155
0.462 0.464237531106
0.464 0.466253656601
0.466 0.468347775137
0.468 0.470369152468
0.47 0.472376081129
0.472 0.474379329357
0.474 0.476383915384
0.476 0.478389713747
0.478 0.480396616552
0.48 0.482404531286
0.482 0.484413376479
0.484 0.486377397
0.486 0.488415429974
0.488 0.49039748102
0.49 0.492432407692
0.492 0.494468660266
0.494 0.496505742134
0.496 0.498543436201
0.498 0.500581873618
0.5 0.502620946937
0.502 0.504660568031
0.504 0.506700662428
0.506 0.508651094517
0.508 0.510687673752
0.51 0.512724780818
0.512 0.514762363545
0.514 0.516800376901
0.516 0.518838540683
0.518 0.520870452156
0.52 0.522875890969
0.522 0.524882526422
0.524 0.526890284522
0.526 0.528899098001
0.528 0.530908905536
0.53 0.532919651825
0.532 0.534932692957
0.534 0.536941264038
0.536 0.538918392841
0.538 0.540952757329
0.54 0.542987485269
0.542 0.54502239414
0.544 0.547057444505
0.546 0.549081846435
0.548 0.551091681422
0.55 0.553102257603
0.552 0.555113545686
0.554 0.557125519998
0.556 0.559138156842
0.558 0.561151433354
0.56 0.563165327338
0.562 0.56517982089
0.564 0.567194894333
0.566 0.569293068087
0.568 0.571306220962
0.57 0.57331996719
0.572 0.575334290679
0.574 0.57734917661
0.576 0.579457869108
0.578 0.581479523449
0.58 0.583501685568
0.582 0.585524343065
0.584 0.587547484026
0.586 0.589661575257
0.588 0.591681808424
0.59 0.593702598449
0.592 0.595723933575
0.594 0.597786878023
0.596 0.599828467139
0.598 0.601870359189
0.6 0.60389781222
0.602 0.605919709424
0.604 0.607938886477
0.606 0.609958770934
0.608 0.611979362213
0.61 0.614000642993
0.612 0.616022596419
0.614 0.618045206486
0.616 0.620068458492
0.618 0.622092337788
0.62 0.624197336345
0.622 0.626219085482
0.624 0.628241451929
0.626 0.630264435978
0.628 0.632288041519
0.63 0.634312256839
0.632 0.636423645132
0.634 0.638445817425
0.636 0.640468613428
0.638 0.64249202201
0.64 0.644516033132
0.642 0.646577726169
0.644 0.648623274746
0.646 0.650667904621
0.648 0.652711052569
0.65 0.654737014001
0.652 0.656763429134
0.654 0.65884158312
0.656 0.660868539158
0.658 0.662891852145
0.66 0.664935069163
0.662 0.666895727875
0.664 0.668937784094
0.666 0.670980137989
0.668 0.673022788182
0.67 0.675065734007
0.672 0.67710897442
0.674 0.679082363017
0.676 0.681077851132
0.678 0.683117671443
0.68 0.685157611142
0.682 0.687194922816
0.684 0.689210632908
0.686 0.691249530619
0.688 0.69328872731
0.69 0.695328223435
0.692 0.697368019381
0.694 0.699408115523
0.696 0.701448491519
0.698 0.703489115279
0.7 0.705530950186
0.702 0.707573359497
0.704 0.709616213805
0.706 0.711659512706
0.708 0.713678215827
0.71 0.715719995675
0.712 0.717762276453
0.714 0.719805053913
0.716 0.721848324064
0.718 0.723892072441
0.72 0.725936289904
0.722 0.727980984359
0.724 0.73002615237
0.726 0.732071356321
0.728 0.734116230233
0.73 0.736161449903
0.732 0.738207015637
0.734 0.740236511848
0.736 0.742281714479
0.738 0.744327259482
0.74 0.74637314759
0.742 0.748419378745
0.744 0.750465953643
0.746 0.752535162918
0.748 0.754583396507
0.75 0.756631970415
0.752 0.758680884998
0.754 0.760730140635
0.756 0.762779737915
0.758 0.764829677163
0.76 0.766879958831
0.762 0.768930583254
0.764 0.770981550951
0.766 0.773032862301
0.768 0.775084517716
0.77 0.777136517658
0.772 0.779188831148
0.774 0.781241323759
0.776 0.783294153217
0.778 0.785347320227
0.78 0.787400824996
0.782 0.789454668226
0.784 0.791508850227
0.786 0.793563371151
0.788 0.795618467442
0.79 0.797657163178
0.792 0.799696184409
0.794 0.801735554275
0.796 0.803775273225
0.798 0.805815341798
0.8 0.807855760276
0.802 0.809896529386
0.804 0.811937649458
0.806 0.813979121022
0.808 0.816020944586
0.81 0.818063120432
0.812 0.820105649462
0.814 0.822148531675
0.816 0.824191767778
0.818 0.826235358032
0.82 0.828279303348
0.822 0.830323603748
0.824 0.832368260008
0.826 0.834413272464
0.828 0.836458641577
0.83 0.838504378019
0.832 0.840550474466
0.834 0.842596929548
0.836 0.844643743621
0.838 0.846690917216
0.84 0.848738450932
0.842 0.850786344694
0.844 0.8529001225
0.846 0.854945990976
0.848 0.85699226027
0.85 0.859038930865
0.852 0.861086003082
0.854 0.863133477336
0.856 0.865181353735
0.858 0.86722963327
0.86 0.869278315931
0.862 0.871327402088
0.864 0.873376892295
0.866 0.875426786926
0.868 0.877477086298
0.87 0.879527791158
0.872 0.88157890122
0.874 0.883630417425
0.876 0.885682340173
0.878 0.887734727548
0.88 0.88978757917
0.882 0.891840824039
0.884 0.893894462628
0.886 0.895948495711
0.888 0.89800292355
0.89 0.900057746509
0.892 0.902112965136
0.894 0.904168579562
0.896 0.906224590791
0.898 0.908172721156
0.9 0.910228015115
0.902 0.912283702773
0.904 0.914339785592
0.906 0.916396263488
0.908 0.918453136736
0.91 0.920510406795
0.912 0.922568072877
0.914 0.924626136559
0.916 0.926684597967
0.918 0.928742770012
0.92 0.930801052621
0.922 0.932863981689
0.924 0.934925916828
0.926 0.93699426484
0.928 0.939063011548
0.93 0.941132157596
0.932 0.943201703786
0.934 0.945271650187
0.936 0.947469949673
0.938 0.94953955935
0.94 0.951609565219
0.942 0.953679967195
0.944 0.9557507662
0.946 0.957821962805
0.948 0.959893557183
0.95 0.961965550537
0.952 0.964037942617
0.954 0.96611073394
0.956 0.968183926049
0.958 0.970257518422
0.96 0.972331508459
0.962 0.974405886234
0.964 0.976480663532
0.966 0.97855584079
0.968 0.98063140533
0.97 0.982707316862
0.972 0.984783632723
0.974 0.986860352913
0.976 0.988937478649
0.978 0.991015009941
0.98 0.993092947463
0.982 0.995171291673
0.984 0.997250043103
0.986 0.999329202266
0.988 1.00140876963
0.99 1.00348874567
0.992 1.005569131
0.994 1.00764992591
0.996 1.00973113089
0.998 1.01181274679
1 1.01389477384
1.002 1.01597721243
1.004 1.01806006331
1.006 1.02014332661
1.008 1.0222269659
1.01 1.02431087169
1.012 1.02639518242
1.014 1.02847989805
1.016 1.03056501939
1.018 1.03265054685
1.02 1.03473648071
1.022 1.03682282187
1.024 1.03890957051
1.026 1.04099672733
1.028 1.04308429292
1.03 1.04517226752
1.032 1.04726065176
1.034 1.04933915688
1.036 1.05141131908
1.038 1.05348390968
1.04 1.05555692912
1.042 1.05763058054
1.044 1.05970475435
1.046 1.06177934488
1.048 1.06385435291
1.05 1.06592977876
1.052 1.06800562308
1.054 1.07008188628
1.056 1.07215856895
1.058 1.07423567166
1.06 1.07631319475
1.062 1.07839113898
1.064 1.08046950461
1.066 1.08254357224
1.068 1.08462151247
1.07 1.08669986852
1.072 1.08877864113
1.074 1.09085783097
1.076 1.09293743848
1.078 1.09501746457
1.08 1.09709790952
1.082 1.09917877408
1.084 1.10126005887
1.086 1.10334176462
1.088 1.10542389175
1.09 1.10750644105
1.092 1.10958941311
1.094 1.11167280831
1.096 1.11375662751
1.098 1.11584087139
1.1 1.1179152969
1.102 1.11999644114
1.104 1.12207804788
1.106 1.12416011775
1.108 1.12624265155
1.11 1.1283256496
1.112 1.13040911282
1.114 1.1324930417
1.116 1.13457743623
1.118 1.13666229787
1.12 1.1387476268
1.122 1.14083342371
1.124 1.14291956162
1.126 1.14500558408
1.128 1.14709205428
1.13 1.14917897267
1.132 1.15126633994
1.134 1.15338991603
1.136 1.15555979229
1.138 1.15764750254
1.14 1.15973569036
1.142 1.16182435562
1.144 1.16391349977
1.146 1.16600312246
1.148 1.16809322499
1.15 1.17018380744
1.152 1.17227487084
1.154 1.17436641516
1.156 1.17645844146
1.158 1.17855095022
1.16 1.18064394187
1.162 1.18273741716
1.164 1.18483137644
1.166 1.18692582021
1.168 1.18902074946
1.17 1.19111616426
1.172 1.19321206542
1.174 1.19530845354
1.176 1.1974053291
1.178 1.19950269237
1.18 1.20160054456
1.182 1.20369888581
1.184 1.20579771635
1.186 1.20789703759
1.188 1.20999684917
1.19 1.21209715236
1.192 1.21419794739
1.194 1.21629923486
1.196 1.21840101521
1.198 1.22050328213
1.2 1.22260603311
1.202 1.22470927524
1.204 1.22681301009
1.206 1.22891723818
1.208 1.23102195905
1.21 1.23312717421
1.212 1.23523288395
1.214 1.23733908885
1.216 1.23944578898
1.218 1.24155298567
1.22 1.24366065913
1.222 1.24576867033
1.224 1.24787716387
1.226 1.24998620273
1.228 1.25209575325
1.23 1.25420578998
1.232 1.25631631304
1.234 1.25842732301
1.236 1.26053882121
1.238 1.26265076249
1.24 1.26476715592
1.242 1.26687902625
1.244 1.26899873969
1.246 1.27112529325
1.248 1.27325229061
1.25 1.27537973246
1.252 1.27750762037
1.254 1.27963595408
1.256 1.2817647351
1.258 1.28389396401
1.26 1.28602364164
1.262 1.2881537689
1.264 1.29028434618
1.266 1.29241537412
1.268 1.29454685396
1.27 1.29667878683
1.272 1.29881117248
1.274 1.30092800149
1.276 1.30304432539
1.278 1.30516112261
1.28 1.30739416589
1.282 1.30951043572
1.284 1.31162717722
1.286 1.31374439089
1.288 1.31586207817
1.29 1.31798023918
1.292 1.32009887487
1.294 1.32221798632
1.296 1.3243375745
1.298 1.32645763933
1.3 1.32857818231
1.302 1.33069920424
1.304 1.33282070564
1.306 1.33494265772
1.308 1.33706505674
1.31 1.33918794112
1.312 1.3413113113
1.314 1.34343516855
1.316 1.34555951327
1.318 1.34774849753
1.32 1.34987133146
1.322 1.35199468753
1.324 1.35411856676
1.326 1.35624296974
1.328 1.35836789714
1.33 1.36049356365
1.332 1.36261986745
1.334 1.36474667542
1.336 1.36687398844
1.338 1.36900211551
1.34 1.37113981517
1.342 1.37333488776
1.344 1.37546191969
1.346 1.37758989279
1.348 1.37971885865
1.35 1.38184829072
1.352 1.38397818966
1.354 1.38610855614
1.356 1.38823939118
1.358 1.39037069534
1.36 1.39250246934
1.362 1.39463471375
1.364 1.39676742948
1.366 1.39890061719
1.368 1.40103427764
1.37 1.4031684115
1.372 1.40530301943
1.374 1.40743810233
1.376 1.40957366066
1.378 1.41170969531
1.38 1.41384620692
1.382 1.41598319619
1.384 1.41812066386
1.386 1.42025861061
1.388 1.42239703714
1.39 1.42453594417
1.392 1.42667534008
1.394 1.42881521117
1.396 1.43095554227
1.398 1.43309633411
1.4 1.43523758736
1.402 1.43737930276
1.404 1.43952148104
1.406 1.44166412285
1.408 1.44380722897
1.41 1.44595079996
1.412 1.44809488025
1.414 1.45023943703
1.416 1.45238445115
1.418 1.45448669949
1.42 1.45663054651
1.422 1.45877484035
1.424 1.46091958182
1.426 1.46306477169
1.428 1.46521041999
1.43 1.46735653255
1.432 1.46950309723
1.434 1.47165011518
1.436 1.473797587
1.438 1.47594551372
1.44 1.47809389624
1.442 1.48024273549
1.444 1.48239203207
1.446 1.48454178704
1.448 1.48669200092
1.45 1.48884267501
1.452 1.49099380999
1.454 1.49314540688
1.456 1.49529746603
1.458 1.4974499889
1.46 1.49960297583
1.462 1.50175642752
1.464 1.50391034541
1.466 1.5060647207
1.468 1.5082195621
1.47 1.51037487059
1.472 1.51253064718
1.474 1.51468689229
1.476 1.5168436068
1.478 1.51900079197
1.48 1.52101441615
1.482 1.52317042151
1.484 1.52532689764
1.486 1.52748384506
1.488 1.52964126567
1.49 1.53180214299
1.492 1.53397514418
1.494 1.53614859614
1.496 1.53832250009
1.498 1.54058615213
1.5 1.54274785472
1.502 1.54491002615
1.504 1.54707266622
1.506 1.54923577725
1.508 1.55139935892
1.51 1.55356341248
1.512 1.55572785132
1.514 1.55789275443
1.516 1.56005812779
1.518 1.56222397135
1.52 1.56439028786
1.522 1.56655707667
1.524 1.56872433998
1.526 1.57089207712
1.528 1.57306029038
1.53 1.57522897986
1.532 1.57739814695
1.534 1.57957140633
1.536 1.58175621274
1.538 1.58394147382
1.54 1.58612719018
1.542 1.58831336317
1.544 1.59049999351
1.546 1.59268708157
1.548 1.59487483629
1.55 1.59706367833
1.552 1.59925300881
1.554 1.60144282796
1.556 1.60363313721
1.558 1.60582393619
1.56 1.60801522611
1.562 1.61020700779
1.564 1.61239928116
1.566 1.61459204786
1.568 1.6167853081
1.57 1.61897906197
1.572 1.62117331102
1.574 1.62335992556
1.576 1.62554177484
1.578 1.62772415084
1.58 1.62986457986
1.582 1.63206032364
1.584 1.63425658844
1.586 1.63645337472
1.588 1.6386506831
1.59 1.64084851357
1.592 1.64304686727
1.594 1.64524574442
1.596 1.64744514555
1.598 1.64964507095
1.6 1.65184552147
1.602 1.65413298491
1.604 1.65631955996
1.606 1.6585066499
1.608 1.66069444942
1.61 1.66288285727
1.612 1.6650717717
1.614 1.66716696424
1.616 1.66935859486
1.618 1.6715507528
1.62 1.67374343956
1.622 1.6759373553
1.624 1.67813192414
1.626 1.68032699142
1.628 1.68252255818
1.63 1.68471862515
1.632 1.68691519322
1.634 1.68911226315
1.636 1.69130983603
1.638 1.69350791278
1.64 1.69570649401
1.642 1.69790558101
1.644 1.7001914663
1.646 1.70238924642
1.648 1.7045875627
1.65 1.70678641585
1.652 1.70898580679
1.654 1.71118573613
1.656 1.71338620471
1.658 1.7155872128
1.66 1.71778876166
1.662 1.7199908478
1.664 1.72219341295
1.666 1.72439652546
1.668 1.72660018631
1.67 1.72880388429
1.672 1.73100732617
1.674 1.7332113952
1.676 1.73541609137
1.678 1.7376213874
1.68 1.73982730474
1.682 1.74203385332
1.684 1.74424103281
1.686 1.74644884337
1.688 1.74865728478
1.69 1.75086635743
1.692 1.75307606093
1.694 1.75528639556
1.696 1.75749736115
1.698 1.75970731235
1.7 1.76191739968
1.702 1.76412811491
1.704 1.76633945798
1.706 1.7685514289
1.708 1.77076402763
1.71 1.77297725427
1.712 1.77519110868
1.714 1.77740559088
1.716 1.77962070081
1.718 1.78183643852
1.72 1.78405280384
1.722 1.78626979698
1.724 1.78848741761
1.726 1.7907056657
1.728 1.79292454129
1.73 1.79514404413
1.732 1.79736417429
1.734 1.79958493148
1.736 1.80180631579
1.738 1.80402832704
1.74 1.80625096512
1.742 1.8084742296
1.744 1.81069812068
1.746 1.81292266806
1.748 1.81514818567
1.75 1.81737451547
1.752 1.81960165713
1.754 1.82182960117
1.756 1.82405836
1.758 1.82628793628
1.76 1.82851831931
1.762 1.830749509
1.764 1.83298150463
1.766 1.8352143067
1.768 1.83744791415
1.77 1.8396823273
1.772 1.84191751082
1.774 1.84415339096
1.776 1.84639005884
1.778 1.8486275158
1.78 1.85086576054
1.782 1.8531047935
1.784 1.8553446145
1.786 1.85758518183
1.788 1.85982629525
1.79 1.8620681746
1.792 1.86417309694
1.794 1.86641386235
1.796 1.86859591583
1.798 1.87083631559
1.8 1.87307752344
1.802 1.87531953897
1.804 1.87756236217
1.806 1.87980599356
1.808 1.88205043311
1.81 1.88429568033
1.812 1.88654173643
1.814 1.8887886006
1.816 1.8910362736
1.818 1.89328475527
1.82 1.89554672253
1.822 1.89781318137
1.824 1.90008041934
1.826 1.90234843628
1.828 1.90461723294
1.83 1.90688680874
1.832 1.90915716507
1.834 1.91140910114
1.836 1.9136585824
1.838 1.91590888879
1.84 1.91816002026
1.842 1.92041197609
1.844 1.92266565265
1.846 1.92495912055
1.848 1.92723519247
1.85 1.92951208174
1.852 1.93178224348
1.854 1.93403642239
1.856 1.93629146565
1.858 1.93854737404
1.86 1.9408041472
1.862 1.94306178492
1.864 1.9453202877
1.866 1.94757965493
1.868 1.94983988674
1.87 1.95210098321
1.872 1.95436294396
1.874 1.9566257693
1.876 1.95888945951
1.878 1.96115401402
1.88 1.96341943311
1.882 1.96568571718
1.884 1.96795286565
1.886 1.97022087882
1.888 1.97248975668
1.89 1.97462393559
1.892 1.97689693475
1.894 1.97917078472
1.896 1.98144548407
1.898 1.98372103509
1.9 1.98599743647
1.902 1.98827468904
1.904 1.99055279277
1.906 1.99283174759
1.908 1.99511155465
1.91 1.99739221293
1.912 1.99967372427
1.914 2.00195608687
1.916 2.00423930229
1.918 2.00652336997
1.92 2.00880829137
1.922 2.01109406515
1.924 2.01338069327
1.926 2.01566817475
1.928 2.01795649278
1.93 2.02024562579
1.932 2.02253558858
1.934 2.02482637413
1.936 2.02711798171
1.938 2.02941041561
1.94 2.03179508366
1.942 2.03408696511
1.944 2.03637967153
1.946 2.03867320337
1.948 2.04096755208
1.95 2.04326257607
1.952 2.04555841656
1.954 2.0478550745
1.956 2.05015255099
1.958 2.0524168694
1.96 2.05471392333
1.962 2.05701186601
1.964 2.05931069757
1.966 2.06161035967
1.968 2.06391084707
1.97 2.06621220743
1.972 2.06851444104
1.974 2.07081754827
1.976 2.07312152968
1.978 2.07542638558
1.98 2.0777321163
1.982 2.08003872231
1.984 2.08234620407
1.986 2.08465447209
1.988 2.08696378787
1.99 2.08927394551
1.992 2.09158494592
1.994 2.09389678978
1.996 2.09620947801
1.998 2.09852301134
2 2.10083739063
