-17 0.109649 7.63022e-05
-16.994 0.105956 4.13383e-05
-16.988 0.108573 1.13341e-05
-16.982 0.107206 0.000227569
-16.976 0.110436 -2.88223e-05
-16.97 0.107604 3.58482e-05
-16.964 0.108815 -6.04634e-05
-16.958 0.108335 -5.87081e-05
-16.952 0.108801 -2.65343e-06
-16.946 0.107491 -1.49546e-05
-16.94 0.108585 -4.07947e-05
-16.934 0.107228 -7.97482e-05
-16.928 0.106856 -6.97578e-05
-16.922 0.106894 1.56573e-05
-16.916 0.107206 -4.14623e-05
-16.91 0.105321 -4.15451e-05
-16.904 0.106801 5.9303e-05
-16.898 0.106243 -6.10079e-05
-16.892 0.106645 4.00227e-06
-16.886 0.107317 -5.35861e-05
-16.88 0.106445 -2.90249e-05
-16.874 0.104942 -3.0811e-05
-16.868 0.105222 -6.78834e-05
-16.862 0.10599 -9.9801e-05
-16.856 0.103767 -6.33389e-05
-16.85 0.106199 5.9548e-05
-16.844 0.105465 2.17361e-06
-16.838 0.104977 -0.000264676
-16.832 0.105865 -2.26396e-05
-16.826 0.107325 -8.09683e-05
-16.82 0.103868 2.11919e-07
-16.814 0.102324 -0.000160018
-16.808 0.105823 -3.8118e-05
-16.802 0.10304 5.78761e-05
-16.796 0.106053 -0.00010273
-16.79 0.104037 -7.39049e-05
-16.784 0.10714 1.53586e-05
-16.778 0.105771 5.04052e-05
-16.772 0.10446 -3.99341e-05
-16.766 0.104993 1.17146e-05
-16.76 0.104141 8.53736e-05
-16.754 0.107092 2.68722e-05
-16.748 0.105459 -6.64417e-05
-16.742 0.107991 -3.28406e-05
-16.736 0.106395 4.78066e-05
-16.73 0.105584 -3.2085e-05
-16.724 0.106847 -0.000136579
-16.718 0.106716 -0.000122252
-16.712 0.105446 -8.15103e-05
-16.706 0.105763 -4.12046e-05
-16.7 0.105058 -2.82869e-05
-16.694 0.10529 2.71536e-05
-16.688 0.105431 5.20296e-05
-16.682 0.106308 -2.30652e-05
-16.676 0.105841 -7.94873e-05
-16.67 0.10441 -2.83189e-05
-16.664 0.106177 0.000102419
-16.658 0.104534 -4.95357e-06
-16.652 0.104975 -0.000150687
-16.646 0.104863 2.26492e-08
-16.64 0.105167 0.000123513
-16.634 0.105903 -0.000126075
-16.628 0.103837 0.000108137
-16.622 0.105827 -0.000146394
-16.616 0.104038 1.67523e-05
-16.61 0.104721 1.02172e-06
-16.604 0.104981 2.54682e-05
-16.598 0.104062 1.12688e-05
-16.592 0.102946 9.71622e-06
-16.586 0.105093 -4.1565e-05
-16.58 0.103919 -0.000100764
-16.574 0.105088 -0.000253662
-16.568 0.103827 6.89524e-05
-16.562 0.103487 7.05841e-06
-16.556 0.104771 -0.000113323
-16.55 0.104752 -7.86657e-06
-16.544 0.10238 7.05868e-05
-16.538 0.103758 9.78479e-05
-16.532 0.104054 5.19481e-05
-16.526 0.105429 -2.19564e-05
-16.52 0.103238 1.86328e-05
-16.514 0.106361 -2.63128e-05
-16.508 0.106677 -0.000129413
-16.502 0.104346 -6.87565e-06
-16.496 0.104277 1.5063e-05
-16.49 0.104413 0.000109313
-16.484 0.105618 -2.79035e-05
-16.478 0.10232 -1.80638e-05
-16.472 0.105822 -4.66504e-05
-16.466 0.102991 -3.91974e-05
-16.46 0.104852 -8.17908e-06
-16.454 0.1025 -4.31344e-05
-16.448 0.100107 -1.79947e-05
-16.442 0.102302 -2.5973e-05
-16.436 0.101164 -8.67739e-07
-16.43 0.104799 6.57671e-06
-16.424 0.102633 -2.67607e-05
-16.418 0.101881 5.87734e-05
-16.412 0.103106 4.45429e-05
-16.406 0.102877 -1.89538e-05
-16.4 0.102386 2.59945e-05
-16.394 0.102255 -0.000113552
-16.388 0.101579 -9.41798e-06
-16.382 0.0999333 0.000150635
-16.376 0.100918 4.86659e-06
-16.37 0.0999358 5.0226e-05
-16.364 0.101411 8.63227e-05
-16.358 0.102753 7.59402e-06
-16.352 0.100075 -2.5454e-05
-16.346 0.101493 0.000165299
-16.34 0.101276 -4.72648e-06
-16.334 0.0995363 9.49211e-06
-16.328 0.101024 -5.45134e-06
-16.322 0.100134 -1.89909e-06
-16.316 0.103187 3.7158e-05
-16.31 0.0989397 -6.57326e-05
-16.304 0.102766 9.54245e-05
-16.298 0.10171 7.24719e-05
-16.292 0.100946 -3.94865e-05
-16.286 0.101347 -1.37887e-05
-16.28 0.101827 -9.16374e-06
-16.274 0.100529 1.27312e-05
-16.268 0.0994226 8.07588e-05
-16.262 0.100418 -1.24754e-06
-16.256 0.100076 5.01764e-05
-16.25 0.0983083 -3.78235e-05
-16.244 0.101981 -0.000171174
-16.238 0.100781 6.96798e-05
-16.232 0.0994639 -2.21693e-05
-16.226 0.101335 -5.58846e-05
-16.22 0.101294 -0.000110747
-16.214 0.10111 -8.77838e-06
-16.208 0.101607 -3.77998e-05
-16.202 0.0999019 -8.17649e-05
-16.196 0.100197 -7.04443e-05
-16.19 0.1004 -6.55159e-05
-16.184 0.0984693 3.91132e-05
-16.178 0.0978349 3.97495e-06
-16.172 0.0982926 -6.09921e-06
-16.166 0.0990343 0.000115287
-16.16 0.0977861 -2.17283e-05
-16.154 0.0991134 -0.000165223
-16.148 0.0985391 -3.91338e-05
-16.142 0.0994509 -3.87998e-05
-16.136 0.0981729 2.54117e-05
-16.13 0.0998125 -3.2087e-05
-16.124 0.0989977 -3.20663e-05
-16.118 0.0986112 2.20982e-05
-16.112 0.0959585 -5.73904e-05
-16.106 0.0976421 -7.61048e-06
-16.1 0.0962431 3.17371e-05
-16.094 0.0982344 -4.05342e-06
-16.088 0.097866 2.07746e-05
-16.082 0.0970651 -6.94337e-06
-16.076 0.0975737 1.86479e-07
-16.07 0.0961549 -6.69293e-05
-16.064 0.0966271 3.02993e-05
-16.058 0.0967336 -4.38188e-05
-16.052 0.0948769 7.5537e-05
-16.046 0.0962743 1.97814e-05
-16.04 0.0971214 -0.000177976
-16.034 0.0964021 -0.000112358
-16.028 0.0958473 -4.55791e-05
-16.022 0.0973236 -2.84885e-05
-16.016 0.0973805 -0.000106616
-16.01 0.0991635 1.26795e-05
-16.004 0.0960071 4.11062e-06
-15.998 0.0943812 5.48272e-05
-15.992 0.0948774 -4.63091e-05
-15.986 0.0944036 -6.18967e-06
-15.98 0.0949153 1.30617e-05
-15.974 0.0953236 -0.000142547
-15.968 0.0960021 -2.99939e-05
-15.962 0.0954274 1.06013e-05
-15.956 0.0965144 2.32326e-05
-15.95 0.0949697 -3.96118e-05
-15.944 0.095495 -0.000102512
-15.938 0.094109 -2.51481e-05
-15.932 0.0926192 -0.000147986
-15.926 0.0960696 0.000110094
-15.92 0.0941536 -7.67134e-05
-15.914 0.0943855 0.000158541
-15.908 0.0946651 -2.82571e-05
-15.902 0.0947057 -7.07748e-05
-15.896 0.0919263 -4.80325e-06
-15.89 0.094982 -8.57678e-06
-15.884 0.0936439 -1.71347e-05
-15.878 0.096454 -7.43391e-05
-15.872 0.0942091 4.70921e-05
-15.866 0.0938322 -1.29486e-06
-15.86 0.0932497 -0.000182906
-15.854 0.092607 -8.9845e-05
-15.848 0.0917097 3.8229e-05
-15.842 0.0919659 9.73312e-05
-15.836 0.0945913 -0.000126054
-15.83 0.093258 -5.01108e-05
-15.824 0.0933996 -7.90595e-05
-15.818 0.092237 2.82167e-05
-15.812 0.0929569 -6.84579e-05
-15.806 0.0915688 1.35827e-05
-15.8 0.0914137 -2.15146e-05
-15.794 0.0923868 1.36656e-05
-15.788 0.0904765 -1.30277e-05
-15.782 0.0916767 6.66836e-05
-15.776 0.0933016 -0.000137534
-15.77 0.0919527 -4.48312e-05
-15.764 0.0917146 -1.61319e-05
-15.758 0.0917861 -0.000200465
-15.752 0.0915632 -4.59712e-05
-15.746 0.0926691 -0.000132007
-15.74 0.0920737 -5.37908e-05
-15.734 0.0912053 2.75487e-05
-15.728 0.0899058 9.87738e-05
-15.722 0.0916886 2.72787e-05
-15.716 0.090887 6.82304e-05
-15.71 0.08999 1.3312e-05
-15.704 0.0906248 -6.63547e-05
-15.698 0.0893532 5.24896e-05
-15.692 0.0899142 4.67387e-05
-15.686 0.0892783 9.55096e-05
-15.68 0.0897879 -0.000137116
-15.674 0.0888892 4.28708e-05
-15.668 0.0879071 -7.93171e-05
-15.662 0.0880586 -7.16823e-05
-15.656 0.0896567 4.89938e-05
-15.65 0.0906514 1.29679e-05
-15.644 0.089633 5.04318e-05
-15.638 0.0889688 -2.02609e-05
-15.632 0.0899591 -6.07324e-05
-15.626 0.0884245 -4.2924e-05
-15.62 0.0898746 -1.23701e-06
-15.614 0.0885047 2.9134e-05
-15.608 0.0877158 -0.000175705
-15.602 0.0888097 -4.56879e-05
-15.596 0.0880858 -4.49288e-05
-15.59 0.090033 -0.00021522
-15.584 0.0881442 7.9063e-05
-15.578 0.0905409 1.79857e-05
-15.572 0.089423 6.93436e-05
-15.566 0.0894274 -7.73458e-05
-15.56 0.0910724 -2.4592e-05
-15.554 0.0888426 1.61484e-05
-15.548 0.09021 -1.31703e-05
-15.542 0.0887057 1.24168e-05
-15.536 0.0885914 -3.54081e-07
-15.53 0.0889451 -0.000138997
-15.524 0.0889208 -0.000147172
-15.518 0.0893223 4.5808e-05
-15.512 0.0900245 -2.20123e-05
-15.506 0.0870258 -5.3921e-05
-15.5 0.089742 6.24273e-05
-15.494 0.0886191 -5.39989e-06
-15.488 0.089465 -4.56503e-05
-15.482 0.0891312 -2.72055e-05
-15.476 0.0884488 6.36758e-05
-15.47 0.0885371 -8.64038e-05
-15.464 0.0872935 -2.99654e-05
-15.458 0.0888453 -6.18023e-05
-15.452 0.0876604 -4.39183e-05
-15.446 0.088591 -5.82217e-05
-15.44 0.089318 -1.39238e-06
-15.434 0.0892852 -0.000107205
-15.428 0.0877178 -1.96796e-05
-15.422 0.0876362 0.00011206
-15.416 0.0884801 -4.90754e-05
-15.41 0.0890663 -3.19698e-05
-15.404 0.0874059 0.000211447
-15.398 0.0874366 1.74919e-06
-15.392 0.0882142 -2.76876e-05
-15.386 0.0892942 1.92493e-05
-15.38 0.0891659 9.98428e-06
-15.374 0.0886505 -1.6614e-05
-15.368 0.0867879 -4.04148e-05
-15.362 0.0867373 3.88399e-05
-15.356 0.0869484 -1.3337e-05
-15.35 0.0868212 3.37177e-05
-15.344 0.0880679 8.53524e-05
-15.338 0.0881171 3.9143e-05
-15.332 0.08842 -0.000114834
-15.326 0.0868958 6.2064e-05
-15.32 0.0867674 0.000247739
-15.314 0.0869294 3.61682e-05
-15.308 0.0870575 -6.92385e-05
-15.302 0.0872391 0.00011068
-15.296 0.0870153 -3.08842e-05
-15.29 0.0887195 -4.99966e-05
-15.284 0.0877329 -3.6399e-05
-15.278 0.0865572 -1.80622e-05
-15.272 0.086079 1.60964e-05
-15.266 0.0872592 5.32684e-05
-15.26 0.0861812 -0.000157656
-15.254 0.0860152 8.85236e-05
-15.248 0.086486 -8.54038e-05
-15.242 0.08789 1.6593e-05
-15.236 0.0872407 -4.01004e-05
-15.23 0.0875972 -4.33713e-06
-15.224 0.0872752 -1.38365e-05
-15.218 0.0871153 -1.23032e-05
-15.212 0.0882721 7.77838e-05
-15.206 0.0868526 -4.22107e-08
-15.2 0.0867673 4.34813e-05
-15.194 0.0869937 -0.000113521
-15.188 0.0856466 9.22266e-05
-15.182 0.0860522 2.05685e-05
-15.176 0.0873476 6.22732e-05
-15.17 0.0868498 2.51235e-05
-15.164 0.0884306 -5.00924e-05
-15.158 0.0874888 -5.16259e-05
-15.152 0.0860061 -7.09338e-05
-15.146 0.0868753 -2.45903e-05
-15.14 0.0859488 0.000162507
-15.134 0.0879039 1.867e-05
-15.128 0.0856034 2.34717e-05
-15.122 0.0867245 -3.55054e-05
-15.116 0.0862827 -8.55253e-05
-15.11 0.0843567 1.36982e-05
-15.104 0.0875629 5.28776e-05
-15.098 0.0873468 2.96174e-05
-15.092 0.0874685 7.08062e-05
-15.086 0.0861562 5.3354e-05
-15.08 0.0847798 -0.00012293
-15.074 0.0859975 -6.84964e-05
-15.068 0.0854836 -3.93717e-05
-15.062 0.0847639 1.50469e-05
-15.056 0.0839787 1.01628e-05
-15.05 0.0846894 -5.33286e-05
-15.044 0.0835429 -3.28695e-05
-15.038 0.0859926 -6.02823e-05
-15.032 0.0852813 -5.79897e-05
-15.026 0.0844469 4.46282e-05
-15.02 0.0840543 -0.000116244
-15.014 0.0829764 -4.44072e-05
-15.008 0.0843794 3.56653e-05
-15.002 0.0849579 -3.45037e-05
-14.996 0.0832262 -7.84519e-06
-14.99 0.085361 -0.000101103
-14.984 0.0839907 -9.99433e-06
-14.978 0.0831795 5.29388e-05
-14.972 0.0840777 5.8221e-06
-14.966 0.0839898 -3.98017e-05
-14.96 0.082093 -7.62769e-05
-14.954 0.0829939 1.85774e-05
-14.948 0.0807433 -0.000310227
-14.942 0.0819164 -9.88861e-05
-14.936 0.0829814 1.19219e-05
-14.93 0.0813754 -7.05245e-06
-14.924 0.0824157 -9.1399e-05
-14.918 0.0825788 -8.64094e-06
-14.912 0.0814789 -7.67417e-05
-14.906 0.0791034 8.52692e-05
-14.9 0.0789977 4.47736e-05
-14.894 0.0787061 -0.000183101
-14.888 0.0803039 -4.31727e-05
-14.882 0.0804674 0.000173461
-14.876 0.0776057 1.46875e-05
-14.87 0.0787372 -4.43707e-05
-14.864 0.0763156 -2.68362e-05
-14.858 0.0731629 -0.000205258
-14.852 0.0764267 4.1328e-05
-14.846 0.0739017 -1.89325e-05
-14.84 0.075389 3.65619e-05
-14.834 0.0750252 -5.07009e-06
-14.828 0.0696545 -6.94678e-05
-14.822 0.0691707 -0.000174094
-14.816 0.0722925 4.71992e-06
-14.81 0.0748968 -0.000170449
-14.804 0.0704635 -0.000101587
-14.798 0.0595976 -5.45679e-05
-14.792 0.0627925 -0.000326282
-14.786 0.065396 -0.000130804
-14.78 0.0528078 -0.000799336
-14.774 0.0577556 -7.42386e-05
-14.768 0.0432703 -0.00115493
-14.762 0.055836 -0.000391352
-14.756 0.0572676 -4.49038e-05
-14.75 0.0432595 4.24082e-06
-14.744 0.0463087 -0.000228966
-14.738 0.0502473 -0.00038315
-14.732 0.0453222 -0.00018254
-14.726 0.0464264 -8.08947e-05
-14.72 0.048647 8.88259e-06
-14.714 0.0586779 -3.7103e-05
-14.708 0.0566228 3.7147e-05
-14.702 0.0582016 -6.02805e-06
-14.696 0.0507328 -0.000225566
-14.69 0.0562051 -0.000138343
-14.684 0.050564 -0.000213515
-14.678 0.0538176 -3.84141e-06
-14.672 0.0541108 -0.000107206
-14.666 0.0547421 -9.65858e-06
-14.66 0.0575867 3.52699e-05
-14.654 0.0582552 1.58951e-06
-14.648 0.0612557 4.93293e-05
-14.642 0.0572237 0.000129058
-14.636 0.0577382 -8.65524e-05
-14.63 0.0606395 4.26087e-05
-14.624 0.0610434 -4.58795e-05
-14.618 0.0606957 -0.000125869
-14.612 0.063797 -5.79413e-05
-14.606 0.0620301 -2.35121e-05
-14.6 0.0662445 1.86175e-05
-14.594 0.0622872 4.53105e-05
-14.588 0.0647987 -3.28657e-05
-14.582 0.0674852 7.01366e-06
-14.576 0.0644768 9.0358e-05
-14.57 0.0654437 -4.40989e-05
-14.564 0.0656451 5.85889e-05
-14.558 0.0659714 4.47022e-05
-14.552 0.0694929 -3.65147e-05
-14.546 0.0653296 -0.000155436
-14.54 0.0675631 -7.84085e-05
-14.534 0.0653268 -4.6701e-06
-14.528 0.0714171 1.30805e-05
-14.522 0.0684393 5.33987e-05
-14.516 0.0676021 4.6189e-05
-14.51 0.0684429 -9.67821e-05
-14.504 0.0689756 -3.42653e-05
-14.498 0.0699239 6.1517e-05
-14.492 0.0710857 4.19005e-06
-14.486 0.0711058 2.13102e-05
-14.48 0.0702137 -2.44819e-05
-14.474 0.0688284 -5.49153e-05
-14.468 0.0679268 4.19718e-05
-14.462 0.0724381 3.49361e-06
-14.456 0.0727117 5.87248e-05
-14.45 0.0717736 -3.52475e-05
-14.444 0.0709504 3.75769e-05
-14.438 0.0705452 -5.47846e-05
-14.432 0.0683457 -4.31683e-05
-14.426 0.0716377 -0.000129836
-14.42 0.0717364 9.42457e-06
-14.414 0.072813 -7.19014e-05
-14.408 0.07189 7.93095e-05
-14.402 0.0721033 -7.71091e-06
-14.396 0.0709941 -8.83315e-06
-14.39 0.072388 -9.86999e-05
-14.384 0.074098 -5.80109e-06
-14.378 0.0739284 -2.44469e-05
-14.372 0.0694934 4.43363e-05
-14.366 0.0714778 -2.7765e-06
-14.36 0.0717882 3.28459e-09
-14.354 0.0720985 3.1319e-05
-14.348 0.0716919 -0.000105163
-14.342 0.0742502 -9.00566e-05
-14.336 0.0744681 -1.09752e-05
-14.33 0.0749235 2.41396e-05
-14.324 0.0707113 2.34837e-05
-14.318 0.0735198 -3.71693e-05
-14.312 0.0735351 3.49144e-05
-14.306 0.0737706 4.79587e-05
-14.3 0.0732035 6.42137e-06
-14.294 0.073475 -4.0836e-05
-14.288 0.0739682 2.65272e-05
-14.282 0.0736479 -0.000165216
-14.276 0.0736021 6.22397e-05
-14.27 0.0728118 5.92794e-05
-14.264 0.0737766 -0.000102208
-14.258 0.0731777 -3.80081e-05
-14.252 0.0730003 5.22734e-05
-14.246 0.0755585 -0.000192589
-14.24 0.073889 -3.4829e-06
-14.234 0.0756185 -2.24757e-05
-14.228 0.0728407 -0.000109086
-14.222 0.0747396 5.70064e-05
-14.216 0.0746844 -4.13075e-05
-14.21 0.0735706 -1.03773e-05
-14.204 0.0734453 -1.56248e-05
-14.198 0.0749038 4.68316e-06
-14.192 0.0750477 -4.12824e-05
-14.186 0.0748771 -6.19838e-05
-14.18 0.0757063 -0.00012261
-14.174 0.0737735 -4.5917e-05
-14.168 0.0768844 1.78258e-05
-14.162 0.0753232 3.04742e-06
-14.156 0.0759152 6.29526e-05
-14.15 0.0745811 -3.73964e-05
-14.144 0.0741422 -7.53136e-06
-14.138 0.0743145 5.24645e-06
-14.132 0.0744332 5.73674e-05
-14.126 0.0737514 -1.37323e-05
-14.12 0.0755349 -2.8024e-06
-14.114 0.0742795 -2.27729e-05
-14.108 0.0747253 -5.20554e-05
-14.102 0.0756446 4.54121e-05
-14.096 0.0773631 -4.0116e-05
-14.09 0.0733969 5.73897e-05
-14.084 0.0738186 -2.52908e-05
-14.078 0.0734536 -1.85715e-05
-14.072 0.0750662 4.37091e-05
-14.066 0.0753454 -0.000146625
-14.06 0.0734622 -0.000105825
-14.054 0.077519 4.74017e-05
-14.048 0.0742573 -5.14072e-05
-14.042 0.0743594 -1.54865e-05
-14.036 0.0741194 -8.19443e-05
-14.03 0.0736361 -7.05466e-06
-14.024 0.0719026 1.58825e-06
-14.018 0.0722027 1.09409e-05
-14.012 0.0725908 -2.15117e-05
-14.006 0.0719503 -5.39014e-05
-14 0.0738724 1.585e-05
-13.994 0.0733443 8.45917e-06
-13.988 0.0708318 -1.10305e-05
-13.982 0.0714117 3.00848e-05
-13.976 0.0707272 -1.39995e-05
-13.97 0.0721113 -4.69771e-05
-13.964 0.0711736 3.17322e-05
-13.958 0.0704244 -0.000168668
-13.952 0.0690664 -0.000101702
-13.946 0.0707648 -6.71507e-05
-13.94 0.070389 -0.000183729
-13.934 0.0703987 -4.52997e-05
-13.928 0.0682601 2.72015e-05
-13.922 0.0708525 0.000124285
-13.916 0.0718585 4.97532e-06
-13.91 0.0696737 -1.15471e-05
-13.904 0.0674012 -1.30531e-05
-13.898 0.0692364 -5.23606e-06
-13.892 0.070892 1.0367e-05
-13.886 0.0683642 -0.000113909
-13.88 0.0693599 -4.04666e-06
-13.874 0.0712131 2.98043e-05
-13.868 0.0696738 0.000101125
-13.862 0.0688621 3.51795e-05
-13.856 0.0678194 -0.000115923
-13.85 0.069414 0.000124906
-13.844 0.0677216 -9.45785e-06
-13.838 0.0673315 -5.346e-05
-13.832 0.0668531 -6.64491e-05
-13.826 0.0672325 -3.30347e-05
-13.82 0.0689187 1.9873e-05
-13.814 0.0673422 9.26145e-05
-13.808 0.0683732 -3.76205e-05
-13.802 0.0670553 -7.24558e-05
-13.796 0.0653871 3.56963e-05
-13.79 0.0665169 3.14566e-05
-13.784 0.0692646 -8.479e-06
-13.778 0.0668627 -8.05285e-07
-13.772 0.0684444 2.30125e-05
-13.766 0.0646664 -6.043e-05
-13.76 0.0676628 -3.37378e-06
-13.754 0.0658341 2.16697e-05
-13.748 0.0694225 -4.84958e-05
-13.742 0.0666133 -5.92959e-05
-13.736 0.0657388 6.88441e-05
-13.73 0.066103 -0.000170081
-13.724 0.0668332 0.000103766
-13.718 0.0663599 3.40471e-05
-13.712 0.066325 3.92106e-05
-13.706 0.0686922 0.000160731
-13.7 0.0668408 3.26297e-05
-13.694 0.0662784 1.84645e-06
-13.688 0.0646427 1.51193e-05
-13.682 0.0662226 -8.6833e-05
-13.676 0.0663025 4.18192e-06
-13.67 0.0655419 -4.33015e-05
-13.664 0.0642806 1.91031e-05
-13.658 0.0681319 -0.00011063
-13.652 0.0645932 -3.67813e-05
-13.646 0.0635776 -0.000241223
-13.64 0.0627589 -4.29815e-05
-13.634 0.0649027 -1.40882e-05
-13.628 0.0635663 2.74739e-05
-13.622 0.0639554 -6.62688e-05
-13.616 0.0637039 -4.25106e-05
-13.61 0.0629654 1.88606e-05
-13.604 0.0605764 -0.000162786
-13.598 0.0648541 -0.000107077
-13.592 0.0631659 2.65777e-06
-13.586 0.0623476 -6.60857e-05
-13.58 0.0626527 -0.000107952
-13.574 0.0594665 3.23499e-05
-13.568 0.0616909 -6.41036e-05
-13.562 0.0638917 2.53854e-05
-13.556 0.0599738 -3.0768e-05
-13.55 0.0588891 9.14377e-06
-13.544 0.0589721 -1.57586e-05
-13.538 0.0583149 -0.000182093
-13.532 0.0575233 4.5016e-06
-13.526 0.0596829 4.5602e-05
-13.52 0.0598481 -9.36476e-05
-13.514 0.0593834 -0.000104787
-13.508 0.0604452 -0.0001482
-13.502 0.0584276 -2.35743e-06
-13.496 0.0579362 -4.93173e-05
-13.49 0.0597708 -0.00011556
-13.484 0.0599439 4.01282e-05
-13.478 0.0580824 -2.93945e-06
-13.472 0.060556 6.48076e-05
-13.466 0.0594334 0.000137652
-13.46 0.0576693 -6.97504e-05
-13.454 0.0574469 -9.52919e-05
-13.448 0.0608593 -0.000287754
-13.442 0.0611238 -8.69596e-05
-13.436 0.0587806 -3.72356e-06
-13.43 0.0583388 4.33261e-05
-13.424 0.0595941 1.90204e-06
-13.418 0.0583905 -3.59753e-05
-13.412 0.0610558 -8.56225e-05
-13.406 0.058616 -7.81839e-05
-13.4 0.0575668 6.5912e-05
-13.394 0.0581963 3.23622e-05
-13.388 0.0588046 -8.26465e-06
-13.382 0.0593944 -4.57723e-05
-13.376 0.0580101 -1.1465e-06
-13.37 0.0596356 -7.95437e-06
-13.364 0.0600675 -2.32743e-05
-13.358 0.0596444 -2.22881e-05
-13.352 0.0582558 -6.72651e-05
-13.346 0.058887 -8.87685e-05
-13.34 0.0612742 1.84667e-05
-13.334 0.0601172 -5.0046e-05
-13.328 0.0596117 -1.20196e-05
-13.322 0.0577916 9.47056e-07
-13.316 0.059576 -3.13808e-05
-13.31 0.0603874 9.31574e-05
-13.304 0.0598498 4.96436e-05
-13.298 0.0601243 -2.99157e-06
-13.292 0.0585099 -1.0353e-05
-13.286 0.0594092 8.36552e-05
-13.28 0.0611371 -9.25266e-05
-13.274 0.0586244 7.35169e-05
-13.268 0.0583941 -0.000189506
-13.262 0.0586595 3.13163e-06
-13.256 0.0568388 -4.23918e-05
-13.25 0.058323 -6.99145e-05
-13.244 0.0589158 -5.50702e-05
-13.238 0.0584395 -0.000128161
-13.232 0.0589974 -0.000210905
-13.226 0.0566917 -4.01259e-05
-13.22 0.0573717 4.3905e-06
-13.214 0.0602163 -9.05783e-05
-13.208 0.057152 -1.9411e-05
-13.202 0.0564379 -5.4621e-05
-13.196 0.0585636 1.09967e-05
-13.19 0.0609098 -4.6836e-05
-13.184 0.0559611 2.43366e-06
-13.178 0.0563902 -7.51176e-06
-13.172 0.0576952 -2.111e-05
-13.166 0.0563136 2.2996e-05
-13.16 0.0569695 -5.67156e-05
-13.154 0.056415 -1.76811e-05
-13.148 0.0556179 -3.16247e-05
-13.142 0.0554351 -3.44113e-05
-13.136 0.0580563 -6.75405e-05
-13.13 0.0542975 -3.0609e-05
-13.124 0.0538986 -8.69979e-05
-13.118 0.0546858 -0.000212933
-13.112 0.0530335 8.8162e-05
-13.106 0.05345 -6.10289e-05
-13.1 0.0536694 -3.93522e-05
-13.094 0.0553386 3.83836e-05
-13.088 0.0529894 -5.33379e-05
-13.082 0.053631 -6.03968e-05
-13.076 0.0556889 -1.43154e-05
-13.07 0.0545225 7.16782e-05
-13.064 0.051013 -7.3979e-05
-13.058 0.0534804 -0.000149054
-13.052 0.0546252 8.63262e-05
-13.046 0.0531636 -8.44859e-05
-13.04 0.0538375 8.80394e-05
-13.034 0.0528185 -3.86941e-06
-13.028 0.05471 8.36909e-05
-13.022 0.051656 -0.000169728
-13.016 0.0522758 -0.000128104
-13.01 0.0516137 -0.00014198
-13.004 0.0514201 -2.38163e-05
-12.998 0.0566015 -8.15511e-05
-12.992 0.0525401 2.33126e-05
-12.986 0.0490122 -2.90883e-05
-12.98 0.0521646 -5.80688e-05
-12.974 0.0506696 -4.28959e-05
-12.968 0.0532342 1.26856e-05
-12.962 0.0501655 2.01412e-05
-12.956 0.0527158 -9.861e-05
-12.95 0.051787 2.62735e-05
-12.944 0.0521328 -0.000152567
-12.938 0.0537846 -3.8537e-05
-12.932 0.0533167 0.000121191
-12.926 0.0513269 2.45558e-05
-12.92 0.0497526 6.18653e-06
-12.914 0.0506965 9.58975e-06
-12.908 0.0520115 -8.63342e-05
-12.902 0.0536278 -2.63861e-05
-12.896 0.0517229 5.9497e-05
-12.89 0.0529042 -4.78877e-05
-12.884 0.0528945 3.85126e-05
-12.878 0.048906 -2.67067e-06
-12.872 0.0502941 -2.25834e-05
-12.866 0.0515136 -1.78175e-05
-12.86 0.050374 1.91005e-05
-12.854 0.0489416 -6.19953e-05
-12.848 0.0512729 7.92591e-06
-12.842 0.0497026 -3.67122e-05
-12.836 0.0492743 -3.67571e-05
-12.83 0.0479526 2.3221e-05
-12.824 0.0500612 2.40303e-05
-12.818 0.052049 -2.83573e-05
-12.812 0.0506581 8.69156e-05
-12.806 0.0480187 8.8654e-06
-12.8 0.0490862 -7.46652e-05
-12.794 0.0469281 -0.000175525
-12.788 0.0478337 7.4769e-06
-12.782 0.0458879 6.3115e-06
-12.776 0.0482089 5.10604e-05
-12.77 0.0486142 -2.02987e-05
-12.764 0.0474385 -3.2811e-05
-12.758 0.0480287 2.44316e-05
-12.752 0.0486133 0.000100114
-12.746 0.0453211 -8.57294e-05
-12.74 0.0506622 -9.1754e-05
-12.734 0.0461189 9.12624e-06
-12.728 0.044709 7.72179e-06
-12.722 0.0450629 1.33292e-06
-12.716 0.0450665 5.39958e-05
-12.71 0.0453776 -1.21418e-05
-12.704 0.0451999 -0.000126139
-12.698 0.0469227 4.23623e-07
-12.692 0.046693 -7.54508e-06
-12.686 0.0475745 -2.49938e-05
-12.68 0.0439195 -0.000106897
-12.674 0.0456376 -8.65435e-05
-12.668 0.045098 7.79304e-05
-12.662 0.045656 1.03353e-05
-12.656 0.0431268 -7.95735e-05
-12.65 0.0460152 -5.613e-05
-12.644 0.0447819 -5.32122e-05
-12.638 0.0452235 -6.80724e-05
-12.632 0.0454152 4.79146e-05
-12.626 0.0423593 9.09936e-05
-12.62 0.0444464 -9.34874e-05
-12.614 0.0437983 -2.17998e-05
-12.608 0.04232 -8.32422e-06
-12.602 0.0430245 -4.79905e-05
-12.596 0.044453 2.52058e-05
-12.59 0.04417 -4.95195e-05
-12.584 0.0420927 7.60952e-05
-12.578 0.0405593 -9.61823e-05
-12.572 0.041899 -1.36498e-05
-12.566 0.0453123 1.35484e-05
-12.56 0.0429231 -0.000149918
-12.554 0.0386849 -5.37293e-05
-12.548 0.0425503 -2.80901e-05
-12.542 0.039383 -1.26059e-05
-12.536 0.0424395 -0.000175358
-12.53 0.0416649 5.33335e-05
-12.524 0.0442434 -6.91031e-05
-12.518 0.0416174 -3.19476e-05
-12.512 0.0420284 2.86849e-05
-12.506 0.0385454 -3.76225e-05
-12.5 0.0424139 -4.91167e-05
-12.494 0.0423891 -7.82463e-05
-12.488 0.0384429 5.04722e-06
-12.482 0.038216 -4.26972e-05
-12.476 0.0389983 0.00011507
-12.47 0.0415606 -2.06824e-05
-12.464 0.0403972 -4.12688e-05
-12.458 0.0382036 -0.000169761
-12.452 0.0389396 0.000125413
-12.446 0.0397661 -7.38291e-05
-12.44 0.0375117 5.83473e-05
-12.434 0.0388107 4.55391e-05
-12.428 0.0396505 1.80289e-05
-12.422 0.037417 1.01187e-05
-12.416 0.0359906 -6.14123e-05
-12.41 0.0385104 -9.03574e-05
-12.404 0.0400095 0.000144759
-12.398 0.0374853 -0.000133546
-12.392 0.0350883 2.25481e-05
-12.386 0.0378121 -3.04053e-05
-12.38 0.0385408 -3.46627e-05
-12.374 0.0352288 0.000178514
-12.368 0.0359079 1.88593e-06
-12.362 0.0341987 -0.000111264
-12.356 0.0332355 -4.71795e-05
-12.35 0.0361021 -7.37649e-05
-12.344 0.0377827 -2.80026e-05
-12.338 0.0351128 8.60427e-05
-12.332 0.0358147 -1.32053e-05
-12.326 0.0333401 -7.91307e-05
-12.32 0.032535 9.54054e-05
-12.314 0.034642 6.27625e-05
-12.308 0.0333259 -6.62604e-05
-12.302 0.0320536 -4.13512e-05
-12.296 0.0329109 -0.000126317
-12.29 0.0303553 -0.000165645
-12.284 0.0331245 -7.0939e-05
-12.278 0.0320707 5.47925e-05
-12.272 0.0349371 4.55595e-05
-12.266 0.0333321 3.80059e-05
-12.26 0.0309175 -3.63636e-05
-12.254 0.0329982 -9.60586e-05
-12.248 0.0290067 -7.19778e-05
-12.242 0.0312386 -2.78779e-05
-12.236 0.0336906 -4.81536e-06
-12.23 0.0304548 -0.000115417
-12.224 0.0316915 -3.61795e-05
-12.218 0.0309408 -3.05656e-05
-12.212 0.0337346 1.0805e-05
-12.206 0.0315687 -0.000199992
-12.2 0.0297457 -0.000117505
-12.194 0.0320357 -6.70331e-05
-12.188 0.0279821 5.27096e-06
-12.182 0.0300927 -5.34703e-05
-12.176 0.0304765 -0.000107302
-12.17 0.0269017 -0.000150787
-12.164 0.0285012 -0.000104136
-12.158 0.0240746 -3.87394e-05
-12.152 0.0297809 -4.47796e-05
-12.146 0.0314024 2.97229e-05
-12.14 0.0276585 -1.62115e-05
-12.134 0.0283096 -6.57122e-05
-12.128 0.0312604 1.43825e-05
-12.122 0.0246747 -7.33813e-05
-12.116 0.0259044 -9.68078e-05
-12.11 0.0248334 -5.76076e-05
-12.104 0.0228363 -7.04146e-05
-12.098 0.0250929 -3.63055e-05
-12.092 0.0256745 -1.70974e-05
-12.086 0.025688 -5.25086e-05
-12.08 0.0198339 2.73718e-05
-12.074 0.0222137 0.000114545
-12.068 0.0235362 -0.000112487
-12.062 0.0236608 -3.31067e-05
-12.056 0.0231057 5.57607e-05
-12.05 0.0215917 -7.68198e-06
-12.044 0.0216137 3.22274e-06
-12.038 0.0195027 -7.06661e-05
-12.032 0.0200348 1.93452e-05
-12.026 0.0199568 6.695e-05
-12.02 0.0210317 -0.000121954
-12.014 0.0176619 -0.000141564
-12.008 0.0174854 -0.000106396
-12.002 0.0120661 -2.51937e-05
-11.996 0.0168884 1.4025e-05
-11.99 0.0187621 -1.48956e-05
-11.984 0.0160023 1.75176e-05
-11.978 0.01361 -9.88397e-05
-11.972 0.0121382 -0.000100678
-11.966 0.0126235 -0.000119292
-11.96 0.0092727 -9.24337e-05
-11.954 0.00963043 0.000109709
-11.948 0.00599935 -9.67819e-05
-11.942 0.0120908 -9.97633e-06
-11.936 0.00414118 -0.000189213
-11.93 0.0148492 -1.77683e-05
-11.924 0.00782627 -0.000124756
-11.918 0.00602629 -0.000121017
-11.912 0.00490023 -0.000171324
-11.906 0.00667431 -8.71125e-05
-11.9 0.0106916 -0.00010303
-11.894 0.00799521 5.2262e-05
-11.888 0.00435592 -5.15081e-06
-11.882 0.00366472 -0.000207111
-11.876 0.00107652 -0.000314194
-11.87 0.00328723 -5.87171e-05
-11.864 0.000614655 -0.000302239
-11.858 0.00190649 -0.000337211
-11.852 0.000411495 -0.000706868
-11.846 0.00118402 -0.00102618
-11.84 0.000587572 -0.000408783
-11.834 -2.44842e-05 -0.0014668
-11.828 4.19224e-05 -0.00139909
-11.822 1.70606e-05 -0.00139763
-11.816 0.00102321 -0.00080785
-11.81 8.76649e-05 -0.00187342
-11.804 5.29365e-05 -0.00204416
-11.798 9.62927e-05 -0.00217886
-11.792 -5.30533e-07 -0.00208849
-11.786 -2.83861e-05 -0.00229276
-11.78 5.15653e-05 -0.00250043
-11.774 3.81901e-05 -0.00263381
-11.768 -7.03831e-05 -0.00258443
-11.762 2.4347e-06 -0.00274158
-11.756 -6.82816e-05 -0.00285506
-11.75 -0.000135235 -0.00293164
-11.744 1.65781e-05 -0.0030844
-11.738 -0.000124911 -0.00305312
-11.732 -0.000128248 -0.00340244
-11.726 3.1233e-06 -0.00350066
-11.72 -9.55298e-05 -0.0037494
-11.714 3.77437e-05 -0.00375165
-11.708 1.61135e-06 -0.00383749
-11.702 9.61207e-06 -0.00398679
-11.696 -1.05817e-05 -0.00394745
-11.69 -6.06924e-05 -0.00413639
-11.684 3.53998e-05 -0.00429458
-11.678 -4.14845e-05 -0.004459
-11.672 2.92287e-05 -0.00448182
-11.666 2.12297e-05 -0.0046006
-11.66 -5.93635e-05 -0.00460046
-11.654 7.29437e-05 -0.00496174
-11.648 3.36852e-05 -0.00492204
-11.642 -7.43311e-05 -0.00494366
-11.636 2.27016e-05 -0.0051503
-11.63 3.41178e-06 -0.00521919
-11.624 1.57851e-05 -0.00536024
-11.618 -6.26926e-05 -0.00540034
-11.612 2.47161e-05 -0.00556165
-11.606 3.49635e-06 -0.00565266
-11.6 -2.23431e-05 -0.00576321
-11.594 -1.35456e-05 -0.0058301
-11.588 -1.60201e-05 -0.00593719
-11.582 -2.537e-05 -0.00603315
-11.576 -1.62661e-06 -0.00626142
-11.57 -3.1381e-05 -0.00626457
-11.564 -0.000105279 -0.0065141
-11.558 6.00396e-06 -0.00657969
-11.552 -5.37273e-05 -0.00664369
-11.546 -3.8485e-06 -0.00674095
-11.54 -2.00769e-05 -0.00686365
-11.534 -1.17568e-05 -0.00696857
-11.528 -4.67265e-05 -0.00702309
-11.522 1.71968e-05 -0.00729543
-11.516 -1.09382e-05 -0.00727077
-11.51 -3.63562e-05 -0.00740345
-11.504 -9.72893e-05 -0.00755229
-11.498 -7.26708e-05 -0.00771392
-11.492 -6.60943e-05 -0.00773182
-11.486 1.3504e-05 -0.00793175
-11.48 -4.66028e-06 -0.00802396
-11.474 -7.44252e-05 -0.00814062
-11.468 1.04679e-07 -0.0082011
-11.462 -0.000118164 -0.00815314
-11.456 2.02095e-06 -0.00842498
-11.45 -0.000120663 -0.00856365
-11.444 -0.000174346 -0.00846426
-11.438 -7.3253e-06 -0.00874647
-11.432 9.93185e-06 -0.00885195
-11.426 1.35784e-05 -0.00891063
-11.42 -2.63267e-05 -0.00896798
-11.414 -3.8738e-05 -0.00915765
-11.408 -0.000223758 -0.00926709
-11.402 -0.00012535 -0.00937022
-11.396 -2.53121e-06 -0.00938841
-11.39 -0.000169525 -0.00933558
-11.384 -6.50456e-05 -0.00960376
-11.378 2.28602e-05 -0.00974053
-11.372 -1.83667e-05 -0.00988081
-11.366 -2.46386e-06 -0.00996634
-11.36 -3.33399e-06 -0.0100674
-11.354 -1.2538e-05 -0.0101083
-11.348 -2.08579e-07 -0.0102781
-11.342 1.07434e-05 -0.0104169
-11.336 -4.52465e-06 -0.010453
-11.33 -0.00016181 -0.0105079
-11.324 1.0733e-05 -0.0106987
-11.318 -4.38359e-05 -0.0107813
-11.312 -6.59533e-06 -0.0108573
-11.306 -5.79662e-07 -0.0109718
-11.3 -0.000164847 -0.0109513
-11.294 2.77308e-05 -0.0111832
-11.288 4.37605e-06 -0.0112692
-11.282 -8.04904e-05 -0.0112536
-11.276 -3.70112e-06 -0.0114885
-11.27 -0.000115263 -0.0116143
-11.264 6.46279e-06 -0.0117148
-11.258 -0.000139216 -0.0118048
-11.252 2.90589e-08 -0.0119956
-11.246 -7.83358e-06 -0.0121011
-11.24 2.9227e-06 -0.0121696
-11.234 1.5721e-05 -0.0123597
-11.228 -0.000116385 -0.012372
-11.222 1.68665e-05 -0.0125584
-11.216 -0.00015445 -0.0127564
-11.21 3.2238e-06 -0.0127469
-11.204 -4.4073e-05 -0.0129082
-11.198 -2.54102e-05 -0.0129645
-11.192 -0.000119593 -0.0129929
-11.186 4.44501e-07 -0.0131448
-11.18 -0.000301198 -0.0130409
-11.174 -0.000113248 -0.0135173
-11.168 -4.78929e-05 -0.0134855
-11.162 -8.7177e-05 -0.0134426
-11.156 -3.82548e-05 -0.0137341
-11.15 -4.4157e-05 -0.0138086
-11.144 1.36723e-06 -0.0140086
-11.138 -0.000139318 -0.0140342
-11.132 4.60091e-06 -0.014202
-11.126 1.0203e-06 -0.0143941
-11.12 -3.23775e-05 -0.0144129
-11.114 -6.97161e-05 -0.0144395
-11.108 -1.11506e-05 -0.0145754
-11.102 -3.26715e-05 -0.0146725
-11.096 -9.96133e-06 -0.0147789
-11.09 8.15965e-06 -0.0149094
-11.084 1.02167e-05 -0.0150208
-11.078 4.74286e-06 -0.0151623
-11.072 -0.000205016 -0.0150543
-11.066 -1.55138e-06 -0.0154446
-11.06 -2.61784e-05 -0.0154384
-11.054 -0.000151928 -0.0154479
-11.048 -3.99491e-05 -0.0156646
-11.042 -8.83636e-05 -0.0158007
-11.036 -3.78243e-05 -0.0157962
-11.03 1.19802e-05 -0.0160338
-11.024 4.02327e-06 -0.0160223
-11.018 -6.94533e-06 -0.0162063
-11.012 -6.48463e-05 -0.0162181
-11.006 -3.8154e-05 -0.0163184
-11 1.3305e-05 -0.016545
-10.994 -5.63182e-06 -0.0166063
-10.988 -9.37109e-05 -0.0165757
-10.982 4.72584e-08 -0.0168115
-10.976 8.41762e-06 -0.0168619
-10.97 -3.37794e-06 -0.017041
-10.964 -0.000163546 -0.0170859
-10.958 8.7415e-06 -0.0172821
-10.952 -5.31348e-05 -0.0173189
-10.946 5.85298e-06 -0.017426
-10.94 7.01064e-06 -0.0175169
-10.934 6.29172e-06 -0.0176731
-10.928 -0.000190557 -0.0175663
-10.922 -0.000124287 -0.0178771
-10.916 -4.9605e-07 -0.0179841
-10.91 -7.23076e-05 -0.0180047
-10.904 1.7408e-06 -0.0181893
-10.898 -6.77842e-05 -0.0183468
-10.892 -0.000167458 -0.0183543
-10.886 -0.000154823 -0.0184395
-10.88 -0.000411968 -0.0182667
-10.874 -1.74413e-05 -0.0187572
-10.868 1.7997e-06 -0.0188058
-10.862 3.09559e-06 -0.0189667
-10.856 -0.000112886 -0.0188747
-10.85 -0.000158473 -0.0190692
-10.844 9.34675e-06 -0.0192589
-10.838 5.73731e-06 -0.0193289
-10.832 -3.94848e-06 -0.0195092
-10.826 9.17172e-06 -0.019585
-10.82 -0.00011805 -0.0194882
-10.814 -7.08638e-08 -0.0197728
-10.808 -1.78111e-05 -0.0199152
-10.802 -1.05558e-05 -0.0199541
-10.796 -6.47342e-06 -0.0201398
-10.79 -0.000124512 -0.0201486
-10.784 -6.56363e-05 -0.0203432
-10.778 -8.07553e-05 -0.0204588
-10.772 -7.00283e-05 -0.0205027
-10.766 -9.09318e-05 -0.0206432
-10.76 1.80668e-06 -0.0206833
-10.754 -2.76651e-05 -0.020916
-10.748 6.60161e-06 -0.0209561
-10.742 -4.39438e-05 -0.0209737
-10.736 -0.000101751 -0.0211531
-10.73 -3.39856e-06 -0.0212477
-10.724 -5.43484e-05 -0.0213162
-10.718 4.61043e-06 -0.0214573
-10.712 -4.00993e-05 -0.021504
-10.706 8.36377e-06 -0.0216393
-10.7 -6.72439e-07 -0.0217107
-10.694 -0.000203516 -0.0218631
-10.688 -9.04556e-06 -0.0218784
-10.682 2.65309e-06 -0.0220851
-10.676 -1.91963e-05 -0.0221771
-10.67 -2.6276e-05 -0.0222693
-10.664 -5.6321e-05 -0.0223148
-10.658 -1.34116e-05 -0.022415
-10.652 -9.53171e-07 -0.0224844
-10.646 -4.24575e-05 -0.0226374
-10.64 -0.000155591 -0.0225328
-10.634 5.20747e-06 -0.0228469
-10.628 -9.51088e-06 -0.0229141
-10.622 -2.83513e-05 -0.0229861
-10.616 -7.07892e-05 -0.0230505
-10.61 -1.12566e-05 -0.0232565
-10.604 1.37865e-07 -0.0233203
-10.598 -6.64913e-05 -0.0234055
-10.592 -2.40346e-05 -0.0235346
-10.586 -3.54708e-05 -0.0236282
-10.58 -0.000110571 -0.0236882
-10.574 -1.24446e-05 -0.023935
-10.568 -0.00013979 -0.0238427
-10.562 -0.000121645 -0.0240013
-10.556 -4.58725e-05 -0.024188
-10.55 -0.000133224 -0.0243159
-10.544 -0.000101545 -0.0242344
-10.538 -8.21935e-05 -0.0243339
-10.532 -1.32997e-05 -0.0246528
-10.526 -5.96407e-05 -0.0247177
-10.52 -9.55131e-05 -0.0248127
-10.514 -0.000114574 -0.0250512
-10.508 -6.30512e-05 -0.0249257
-10.502 -1.56064e-05 -0.0251255
-10.496 -9.23018e-05 -0.0251078
-10.49 -1.76566e-05 -0.0252807
-10.484 -2.38374e-05 -0.0253874
-10.478 -9.86896e-07 -0.0255475
-10.472 5.29527e-06 -0.0255723
-10.466 -0.000141225 -0.0256404
-10.46 -1.34009e-05 -0.0258289
-10.454 -9.40993e-06 -0.0259235
-10.448 1.10956e-05 -0.0260346
-10.442 -1.93206e-05 -0.0261518
-10.436 -8.4558e-06 -0.0263003
-10.43 4.94721e-06 -0.0264166
-10.424 -8.98829e-06 -0.0265156
-10.418 -7.3543e-06 -0.0266846
-10.412 -4.76387e-05 -0.0266875
-10.406 7.79543e-06 -0.0268209
-10.4 -0.00010746 -0.0268614
-10.394 -5.1522e-05 -0.0270242
-10.388 -2.08077e-06 -0.0272224
-10.382 -4.10083e-05 -0.0274075
-10.376 9.01739e-06 -0.0274271
-10.37 -6.19361e-05 -0.0274785
-10.364 8.46724e-06 -0.0276467
-10.358 -3.97024e-05 -0.027608
-10.352 -7.35691e-05 -0.027882
-10.346 -4.42967e-06 -0.027992
-10.34 -2.18755e-05 -0.0280992
-10.334 -0.000106372 -0.0280765
-10.328 -0.000106025 -0.0281658
-10.322 -0.000177616 -0.0281901
-10.316 -4.09507e-05 -0.0283758
-10.31 -8.06265e-06 -0.0285659
-10.304 1.15979e-05 -0.0287842
-10.298 -4.84334e-05 -0.0288634
-10.292 1.00189e-05 -0.0289172
-10.286 -8.23474e-06 -0.029091
-10.28 -9.38604e-06 -0.0292045
-10.274 -7.33924e-05 -0.029225
-10.268 -1.21294e-05 -0.0293546
-10.262 -2.23779e-06 -0.0294624
-10.256 -0.000194062 -0.0294992
-10.25 -8.45803e-06 -0.0297349
-10.244 -3.67517e-05 -0.0297375
-10.238 -4.32398e-05 -0.0298095
-10.232 9.67401e-06 -0.0299869
-10.226 -4.1815e-05 -0.0300914
-10.22 -3.10326e-05 -0.0301074
-10.214 -0.000288376 -0.0301667
-10.208 1.77555e-06 -0.0304619
-10.202 -1.82065e-05 -0.0305158
-10.196 -7.74841e-05 -0.0305682
-10.19 -8.74337e-06 -0.0306361
-10.184 -9.95292e-05 -0.0306483
-10.178 3.34939e-06 -0.0309051
-10.172 -0.000149063 -0.0310907
-10.166 -6.03792e-06 -0.0310881
-10.16 -7.4377e-06 -0.031273
-10.154 -0.000196352 -0.0313108
-10.148 -2.01282e-05 -0.0314757
-10.142 -4.46026e-05 -0.031448
-10.136 -1.59618e-05 -0.0315345
-10.13 8.40314e-06 -0.0317119
-10.124 -1.79975e-05 -0.0317527
-10.118 2.05872e-06 -0.0318638
-10.112 -0.000110488 -0.0318833
-10.106 -2.96873e-05 -0.0320504
-10.1 -2.99412e-06 -0.0321096
-10.094 -0.000157006 -0.0323524
-10.088 -0.000184089 -0.0325006
-10.082 -1.66047e-05 -0.0325775
-10.076 -3.85171e-05 -0.0324714
-10.07 -4.21989e-05 -0.0326679
-10.064 3.87636e-06 -0.0327774
-10.058 -3.30894e-06 -0.032834
-10.052 -9.47775e-06 -0.0327843
-10.046 -2.16666e-05 -0.0329833
-10.04 -1.08544e-06 -0.0333595
-10.034 -3.3676e-05 -0.0333517
-10.028 -3.61725e-05 -0.0335038
-10.022 -4.66123e-05 -0.0334836
-10.016 -7.94383e-05 -0.0336925
-10.01 -1.00598e-05 -0.0338355
-10.004 -3.51101e-05 -0.0338855
-9.998 -0.000146386 -0.0340553
-9.992 -9.68719e-06 -0.0342071
-9.986 -2.81253e-05 -0.0342889
-9.98 -0.000111842 -0.0342817
-9.974 -5.25583e-05 -0.0344403
-9.968 -0.000102284 -0.0345008
-9.962 5.61377e-06 -0.0347308
-9.956 3.52025e-06 -0.0349945
-9.95 2.0884e-06 -0.0349338
-9.944 -9.84038e-05 -0.0350398
-9.938 5.66593e-06 -0.035133
-9.932 -4.03409e-06 -0.0352811
-9.926 -1.23288e-05 -0.0354724
-9.92 -3.11978e-05 -0.0354128
-9.914 1.86751e-06 -0.0356224
-9.908 9.54123e-06 -0.0357363
-9.902 4.65174e-06 -0.0357416
-9.896 3.0899e-06 -0.0359029
-9.89 -2.69016e-05 -0.0360226
-9.884 1.03684e-05 -0.0362396
-9.878 -1.2448e-05 -0.0361448
-9.872 9.71374e-06 -0.0361848
-9.866 -2.07741e-06 -0.0363802
-9.86 -2.84411e-05 -0.0365232
-9.854 -4.23315e-05 -0.0366565
-9.848 -0.000356635 -0.0364295
-9.842 -1.58481e-05 -0.0367765
-9.836 -8.30826e-05 -0.0368063
-9.83 -8.50172e-06 -0.0370129
-9.824 1.26894e-05 -0.0371263
-9.818 -0.000145881 -0.0371402
-9.812 -1.72855e-05 -0.0373411
-9.806 -3.73362e-05 -0.0374402
-9.8 -6.20364e-05 -0.0374946
-9.794 -0.000199907 -0.0374991
-9.788 -0.000238436 -0.0375248
-9.782 -7.10895e-07 -0.0377444
-9.776 -1.80215e-05 -0.0378575
-9.77 -0.000210027 -0.0377208
-9.764 -9.40577e-05 -0.0378639
-9.758 -0.000103334 -0.0379818
-9.752 1.81036e-06 -0.0381513
-9.746 7.14205e-06 -0.0383311
-9.74 -0.000106299 -0.0382309
-9.734 -0.000167829 -0.0385347
-9.728 -2.81301e-06 -0.0386264
-9.722 -0.000204796 -0.0384133
-9.716 -3.66712e-05 -0.0386564
-9.71 -0.000135025 -0.0387963
-9.704 -5.18543e-06 -0.038978
-9.698 -6.21626e-05 -0.039036
-9.692 -7.60767e-05 -0.0391892
-9.686 -8.2062e-05 -0.0391965
-9.68 5.47732e-06 -0.0393369
-9.674 -5.08611e-06 -0.0395706
-9.668 -0.000176359 -0.039462
-9.662 1.03931e-05 -0.0398077
-9.656 -4.59803e-06 -0.0399002
-9.65 -0.000152064 -0.0399102
-9.644 -0.000227877 -0.0398554
-9.638 -0.000187848 -0.0400916
-9.632 -1.03576e-05 -0.0402142
-9.626 -2.43325e-05 -0.0401592
-9.62 -0.000173005 -0.0401467
-9.614 -4.48998e-05 -0.0403252
-9.608 8.42885e-07 -0.0405851
-9.602 8.14336e-06 -0.0405807
-9.596 -1.29173e-05 -0.0407179
-9.59 -9.68408e-05 -0.0408446
-9.584 -0.000102566 -0.0409318
-9.578 -1.25886e-05 -0.0410827
-9.572 -1.91662e-05 -0.0412307
-9.566 -6.23304e-05 -0.0412331
-9.56 -9.58256e-05 -0.0412279
-9.554 -9.21237e-06 -0.0415627
-9.548 1.09894e-05 -0.0415915
-9.542 8.10983e-06 -0.0417746
-9.536 -6.24422e-05 -0.0418135
-9.53 -0.000234146 -0.041896
-9.524 9.50797e-07 -0.0422003
-9.518 -9.52648e-06 -0.0423876
-9.512 -1.92982e-05 -0.0424094
-9.506 -4.84834e-05 -0.0425249
-9.5 -1.34865e-05 -0.042657
-9.494 -2.8137e-05 -0.0427489
-9.488 9.73568e-06 -0.0429872
-9.482 -4.02707e-05 -0.0430426
-9.476 -0.000101303 -0.0431911
-9.47 4.7146e-06 -0.0431724
-9.464 5.96077e-06 -0.0433962
-9.458 -0.000158915 -0.0435771
-9.452 -4.02276e-06 -0.0437176
-9.446 -0.000166882 -0.0438128
-9.44 -5.03342e-06 -0.0441108
-9.434 6.98944e-08 -0.0443959
-9.428 -6.59377e-06 -0.0444714
-9.422 1.0311e-05 -0.0446959
-9.416 -4.59283e-05 -0.0447905
-9.41 -0.000233065 -0.0448561
-9.404 -0.00015676 -0.0450603
-9.398 7.81076e-06 -0.0451931
-9.392 -1.39466e-05 -0.0452038
-9.386 -3.98843e-05 -0.0450321
-9.38 -4.00373e-06 -0.0453778
-9.374 -1.22222e-05 -0.045445
-9.368 1.01147e-05 -0.0456127
-9.362 -1.69625e-05 -0.0456135
-9.356 5.49598e-06 -0.0458519
-9.35 -1.57492e-06 -0.0459303
-9.344 -4.65522e-06 -0.0458455
-9.338 -5.92294e-05 -0.0459828
-9.332 -5.67601e-05 -0.0460136
-9.326 -8.91357e-06 -0.0462311
-9.32 -6.71869e-06 -0.0460328
-9.314 1.75157e-05 -0.0460479
-9.308 1.19538e-05 -0.0460798
-9.302 -5.06577e-05 -0.0463592
-9.296 -7.49219e-05 -0.0463449
-9.29 -3.91593e-06 -0.0465884
-9.284 -6.13991e-06 -0.0466989
-9.278 -9.48782e-06 -0.0468953
-9.272 -3.65469e-05 -0.0469181
-9.266 -4.76381e-05 -0.0469496
-9.26 2.79272e-06 -0.0471939
-9.254 -8.22209e-07 -0.0470888
-9.248 -1.88672e-05 -0.0473021
-9.242 6.72386e-06 -0.0476859
-9.236 -0.000183158 -0.0473308
-9.23 -3.83428e-05 -0.0475648
-9.224 -7.02269e-05 -0.0476203
-9.218 1.25643e-05 -0.047581
-9.212 -0.000107302 -0.0477121
-9.206 -2.43664e-05 -0.0477467
-9.2 -1.16914e-05 -0.0478151
-9.194 2.03061e-06 -0.0479128
-9.188 -9.53674e-06 -0.0482381
-9.182 -5.13216e-05 -0.0481024
-9.176 1.38133e-05 -0.0484259
-9.17 1.261e-05 -0.048606
-9.164 -7.35012e-06 -0.048556
-9.158 -0.000175566 -0.048658
-9.152 -0.000245635 -0.0487748
-9.146 -0.000110303 -0.0491093
-9.14 -0.00020259 -0.0489735
-9.134 -3.21294e-05 -0.0494316
-9.128 -4.23092e-05 -0.0494267
-9.122 -7.56805e-05 -0.0496487
-9.116 1.17646e-05 -0.0498517
-9.11 1.47716e-05 -0.049814
-9.104 -5.80727e-05 -0.0498292
-9.098 1.11595e-05 -0.0499471
-9.092 -0.000162252 -0.0501798
-9.086 5.24391e-06 -0.0501793
-9.08 -8.55076e-06 -0.0500161
-9.074 -6.60302e-05 -0.0500553
-9.068 -1.74743e-05 -0.0502675
-9.062 -6.18992e-07 -0.0504073
-9.056 -1.74089e-05 -0.0503991
-9.05 9.67369e-06 -0.0506034
-9.044 6.6804e-06 -0.0507348
-9.038 -1.77372e-05 -0.0511277
-9.032 -0.000170447 -0.0508742
-9.026 -0.000170986 -0.0510625
-9.02 -1.9357e-06 -0.0513309
-9.014 -3.23366e-05 -0.0515369
-9.008 -0.000114247 -0.0513529
-9.002 8.39759e-07 -0.051516
-8.996 1.21126e-05 -0.0515968
-8.99 -2.6154e-06 -0.0518291
-8.984 -1.86306e-05 -0.051828
-8.978 -0.000164263 -0.0520257
-8.972 -0.000166219 -0.0524062
-8.966 -7.14136e-06 -0.0521405
-8.96 -2.87315e-05 -0.0521696
-8.954 -3.21956e-05 -0.0522179
-8.948 -5.94174e-05 -0.0523402
-8.942 -0.000143686 -0.0526735
-8.936 -2.39041e-05 -0.0531587
-8.93 1.39786e-05 -0.0531941
-8.924 -6.28357e-06 -0.0533739
-8.918 -7.95257e-05 -0.0536635
-8.912 -0.000171714 -0.0535745
-8.906 -6.16677e-06 -0.0538497
-8.9 -3.36871e-06 -0.0540107
-8.894 -1.02112e-05 -0.0540402
-8.888 -3.42213e-05 -0.0542003
-8.882 -0.000167582 -0.0541452
-8.876 -1.92058e-06 -0.0543217
-8.87 1.69198e-05 -0.0545438
-8.864 -0.00018665 -0.0546167
-8.858 -1.17326e-05 -0.0547667
-8.852 1.08709e-05 -0.0549793
-8.846 -0.000172022 -0.0549484
-8.84 -5.14025e-06 -0.0542765
-8.834 -1.83613e-05 -0.0545579
-8.828 -9.16501e-05 -0.0546945
-8.822 -3.36754e-05 -0.0546126
-8.816 -1.44292e-06 -0.054732
-8.81 1.60633e-05 -0.054842
-8.804 1.22369e-05 -0.0550909
-8.798 1.54276e-05 -0.0555004
-8.792 -0.000120192 -0.0552673
-8.786 2.20345e-06 -0.0557325
-8.78 -3.27492e-05 -0.0558925
-8.774 -2.96962e-05 -0.0559336
-8.768 -9.91979e-06 -0.0560802
-8.762 -0.000164906 -0.0561153
-8.756 -0.000187281 -0.0564586
-8.75 2.2302e-06 -0.0566139
-8.744 -1.34897e-05 -0.0567228
-8.738 -1.13211e-05 -0.0569791
-8.732 -9.11841e-06 -0.0572704
-8.726 4.40279e-06 -0.05763
-8.72 1.53735e-05 -0.0577102
-8.714 -1.39335e-06 -0.0576561
-8.708 -9.28447e-05 -0.0578174
-8.702 -0.000183567 -0.0580145
-8.696 -6.97348e-06 -0.057362
-8.69 -9.01138e-06 -0.0573919
-8.684 -2.11705e-05 -0.0578074
-8.678 -3.45242e-05 -0.0582695
-8.672 -1.69833e-05 -0.0583062
-8.666 8.50328e-06 -0.0584267
-8.66 1.78314e-05 -0.0585425
-8.654 -4.06455e-06 -0.0585897
-8.648 -8.80166e-05 -0.0579855
-8.642 -0.000190513 -0.0580329
-8.636 4.89533e-06 -0.0584245
-8.63 1.0922e-06 -0.0586258
-8.624 -2.07832e-05 -0.0589485
-8.618 -5.06152e-05 -0.0590773
-8.612 -6.44284e-05 -0.0591957
-8.606 1.01273e-05 -0.0588004
-8.6 1.32792e-05 -0.0587163
-8.594 1.37337e-05 -0.0586735
-8.588 -4.20307e-05 -0.0586554
-8.582 -0.000100668 -0.0587843
-8.576 -0.000178338 -0.0589161
-8.57 -1.32333e-05 -0.0590353
-8.564 -8.67689e-06 -0.0590383
-8.558 -8.37688e-05 -0.0592812
-8.552 -5.39618e-05 -0.059211
-8.546 -6.57937e-05 -0.0592669
-8.54 1.11971e-05 -0.0593295
-8.534 -1.26624e-05 -0.0596079
-8.528 8.88924e-06 -0.059711
-8.522 -5.73369e-05 -0.0598153
-8.516 -0.000117169 -0.0600652
-8.51 -1.36957e-06 -0.0599647
-8.504 -8.38681e-06 -0.0600679
-8.498 -3.26086e-06 -0.0598652
-8.492 -1.76677e-05 -0.0603049
-8.486 -5.61452e-05 -0.0604604
-8.48 -0.000170438 -0.0604927
-8.474 -2.32764e-05 -0.0608185
-8.468 6.82359e-06 -0.0608247
-8.462 1.46686e-05 -0.0607553
-8.456 1.57766e-05 -0.0609338
-8.45 -5.24733e-05 -0.0609769
-8.444 -0.000218263 -0.0608099
-8.438 -0.00017411 -0.0607667
-8.432 3.43744e-06 -0.0614091
-8.426 -1.91209e-05 -0.061129
-8.42 -3.36674e-05 -0.0613493
-8.414 1.37373e-05 -0.0617323
-8.408 1.41794e-05 -0.0617537
-8.402 1.82034e-05 -0.0625874
-8.396 -9.60278e-05 -0.0618895
-8.39 -1.68546e-06 -0.0621142
-8.384 -7.4046e-06 -0.0634425
-8.378 -1.72961e-05 -0.063527
-8.372 -3.85781e-05 -0.0638062
-8.366 -3.62795e-05 -0.0639217
-8.36 -7.36423e-06 -0.0640003
-8.354 -3.14268e-05 -0.0640906
-8.348 1.76914e-05 -0.0642313
-8.342 -1.81396e-05 -0.064384
-8.336 -1.88428e-05 -0.0644305
-8.33 -0.000212982 -0.06436
-8.324 -0.000166973 -0.0646029
-8.318 -1.01708e-05 -0.0647734
-8.312 -1.64672e-05 -0.0648022
-8.306 -1.97898e-05 -0.0648959
-8.3 -8.29417e-05 -0.0647517
-8.294 -9.48532e-05 -0.0646141
-8.288 1.64128e-05 -0.0643796
-8.282 2.01965e-05 -0.0646618
-8.276 -9.35616e-06 -0.0646684
-8.27 -0.0001391 -0.0645113
-8.264 -0.000169412 -0.0646829
-8.258 4.47643e-06 -0.064684
-8.252 -3.5983e-06 -0.0647442
-8.246 -0.000177052 -0.0646567
-8.24 -2.0801e-05 -0.0646249
-8.234 -8.50471e-05 -0.0646417
-8.228 -7.55177e-05 -0.0647347
-8.222 -9.68294e-05 -0.0647328
-8.216 1.91413e-05 -0.0648293
-8.21 1.71231e-05 -0.065058
-8.204 -2.24041e-05 -0.0650475
-8.198 1.69964e-05 -0.0651705
-8.192 -0.000165404 -0.0655149
-8.186 5.59766e-06 -0.0655583
-8.18 -1.75841e-05 -0.0654626
-8.174 -3.00039e-05 -0.0654687
-8.168 -0.000190146 -0.0653465
-8.162 -1.04035e-05 -0.0654699
-8.156 1.60144e-05 -0.0657048
-8.15 -5.93447e-06 -0.0658735
-8.144 1.08946e-05 -0.0661279
-8.138 -7.53846e-05 -0.0660217
-8.132 -1.14624e-05 -0.0660381
-8.126 3.55393e-06 -0.0663713
-8.12 1.7573e-05 -0.06657
-8.114 -6.35019e-06 -0.0666346
-8.108 8.25596e-06 -0.0668309
-8.102 1.67293e-05 -0.0669355
-8.096 -1.05084e-05 -0.0671194
-8.09 -1.95286e-05 -0.0669638
-8.084 -2.62593e-05 -0.0671108
-8.078 2.77806e-06 -0.0670956
-8.072 -2.42941e-05 -0.0673725
-8.066 1.37417e-05 -0.0674303
-8.06 1.51546e-05 -0.0675545
-8.054 1.60406e-06 -0.0677091
-8.048 -5.99028e-05 -0.0677535
-8.042 -0.000199751 -0.0677483
-8.036 -0.00034708 -0.0675783
-8.03 -2.87418e-06 -0.0680855
-8.024 -6.17785e-06 -0.0680582
-8.018 -3.95383e-06 -0.0682135
-8.012 -2.68965e-05 -0.0681996
-8.006 2.08451e-05 -0.0677921
-8 -0.000152895 -0.0679616
-7.994 1.87429e-05 -0.0679868
-7.988 -0.000100079 -0.0683821
-7.982 -2.6859e-05 -0.0681747
-7.976 -4.39612e-06 -0.0687287
-7.97 -0.000113008 -0.0688279
-7.964 2.60708e-06 -0.0686037
-7.958 -1.50752e-06 -0.0685128
-7.952 -9.5906e-06 -0.0687688
-7.946 -9.0983e-06 -0.0691306
-7.94 -6.60001e-05 -0.0687922
-7.934 -6.48003e-05 -0.0696108
-7.928 -1.52249e-05 -0.069924
-7.922 -0.000177088 -0.070458
-7.916 -1.48696e-05 -0.0706092
-7.91 1.17249e-07 -0.0709682
-7.904 -3.82677e-05 -0.0711663
-7.898 -8.303e-05 -0.0712085
-7.892 1.80683e-05 -0.0714193
-7.886 -4.76771e-06 -0.0715386
-7.88 -2.88329e-05 -0.0715493
-7.874 -1.59262e-05 -0.0717996
-7.868 -0.000221664 -0.0718133
-7.862 -0.000183416 -0.072142
-7.856 3.25971e-06 -0.0721678
-7.85 -1.02441e-05 -0.0723201
-7.844 -1.77006e-05 -0.0723899
-7.838 -6.30902e-05 -0.0724675
-7.832 -1.70633e-05 -0.0726342
-7.826 5.25502e-06 -0.0726573
-7.82 2.1765e-06 -0.0727264
-7.814 1.75872e-05 -0.0727709
-7.808 -1.1635e-05 -0.0729277
-7.802 -4.06236e-06 -0.0730859
-7.796 -1.92975e-05 -0.0731618
-7.79 -0.000240693 -0.0732322
-7.784 2.27911e-06 -0.07344
-7.778 -8.52208e-06 -0.0736234
-7.772 1.76298e-05 -0.0736926
-7.766 -1.60621e-05 -0.0737189
-7.76 -5.52641e-06 -0.0739348
-7.754 -0.000142 -0.0738659
-7.748 1.12494e-05 -0.0740076
-7.742 1.01998e-05 -0.0742061
-7.736 5.50794e-06 -0.0742649
-7.73 8.13367e-06 -0.0743594
-7.724 -1.45903e-05 -0.0745043
-7.718 -0.000174503 -0.0745423
-7.712 -0.000368094 -0.0743938
-7.706 -0.000169971 -0.0748239
-7.7 -5.74715e-06 -0.0749398
-7.694 -1.66281e-05 -0.0750227
-7.688 -2.8758e-05 -0.0750812
-7.682 -8.46484e-05 -0.0750768
-7.676 -5.71821e-05 -0.0751923
-7.67 -4.00815e-05 -0.0752518
-7.664 1.98022e-05 -0.0754074
-7.658 2.25558e-06 -0.07554
-7.652 -2.49755e-05 -0.0756036
-7.646 -0.000113494 -0.0756826
-7.64 -0.000162254 -0.0757512
-7.634 4.09335e-07 -0.075976
-7.628 -1.04218e-05 -0.0760514
-7.622 -1.31333e-05 -0.0761629
-7.616 -5.70078e-05 -0.0761637
-7.61 -9.54124e-05 -0.0762118
-7.604 -2.28427e-05 -0.076346
-7.598 7.71735e-06 -0.0764612
-7.592 -7.36969e-06 -0.0765452
-7.586 1.80467e-05 -0.0766879
-7.58 -3.55748e-05 -0.0768114
-7.574 -1.69818e-05 -0.0769045
-7.568 -0.000357012 -0.0767853
-7.562 -0.000197277 -0.0770859
-7.556 -4.5971e-06 -0.0772291
-7.55 -4.28873e-06 -0.0772473
-7.544 -4.78819e-05 -0.0772918
-7.538 -0.000117994 -0.0773378
-7.532 -0.000138483 -0.0775487
-7.526 -5.19235e-05 -0.0777204
-7.52 2.15764e-05 -0.0779347
-7.514 1.7382e-05 -0.0779659
-7.508 7.14659e-06 -0.0782725
-7.502 -2.58045e-05 -0.0782142
-7.496 -6.39675e-05 -0.0784309
-7.49 -0.000178338 -0.0785758
-7.484 -2.89972e-06 -0.0786398
-7.478 -7.4236e-06 -0.0786961
-7.472 -2.04868e-05 -0.0787112
-7.466 -6.33983e-05 -0.0787415
-7.46 -6.82435e-05 -0.0788312
-7.454 -3.51941e-05 -0.0789587
-7.448 -6.46273e-06 -0.0791212
-7.442 5.37941e-06 -0.0791954
-7.436 2.21217e-05 -0.0793249
-7.43 4.98862e-06 -0.0793919
-7.424 -0.00010422 -0.07947
-7.418 -0.000178359 -0.0796076
-7.412 -7.94245e-07 -0.0796123
-7.406 -3.12197e-05 -0.079736
-7.4 -9.09987e-06 -0.0798623
-7.394 -1.55698e-05 -0.0798609
-7.388 -3.35897e-05 -0.079956
-7.382 -4.65457e-05 -0.079907
-7.376 -1.63628e-05 -0.0800753
-7.37 2.11335e-05 -0.080195
-7.364 1.72051e-05 -0.0803047
-7.358 -1.5401e-05 -0.0804488
-7.352 -3.25836e-06 -0.0805391
-7.346 -0.000189851 -0.0806477
-7.34 -0.000196854 -0.0807339
-7.334 -3.95145e-06 -0.0808567
-7.328 -8.50507e-06 -0.0809875
-7.322 -1.46052e-05 -0.0810805
-7.316 -4.49393e-05 -0.0811408
-7.31 -6.63966e-05 -0.0812377
-7.304 -2.79947e-05 -0.0813371
-7.298 1.33039e-05 -0.0814428
-7.292 2.26653e-05 -0.0813608
-7.286 7.60672e-06 -0.0814285
-7.28 -3.86352e-05 -0.0815395
-7.274 -2.59698e-05 -0.0816259
-7.268 -2.04881e-05 -0.0817698
-7.262 -0.000133778 -0.0818297
-7.256 3.04696e-06 -0.0820402
-7.25 1.27369e-06 -0.0821289
-7.244 -9.66605e-06 -0.0820569
-7.238 -8.95383e-06 -0.0815382
-7.232 -2.02505e-05 -0.0819309
-7.226 -8.29493e-05 -0.0818333
-7.22 -0.000104297 -0.0819847
-7.214 -9.96808e-05 -0.0829596
-7.208 8.54879e-07 -0.0834459
-7.202 -2.78535e-05 -0.0827837
-7.196 1.29575e-05 -0.0838745
-7.19 -5.4067e-06 -0.0830176
-7.184 -7.56541e-05 -0.0831258
-7.178 2.09895e-06 -0.08325
-7.172 3.72112e-07 -0.0833754
-7.166 -0.000267958 -0.0832726
-7.16 -7.02176e-06 -0.084048
-7.154 -0.000104413 -0.0843063
-7.148 -9.15974e-05 -0.0843997
-7.142 -6.76177e-05 -0.0845577
-7.136 2.0098e-05 -0.0847277
-7.13 1.88594e-05 -0.0848244
-7.124 2.25835e-05 -0.0848962
-7.118 -6.78567e-05 -0.085023
-7.112 -4.10874e-05 -0.0851012
-7.106 -0.000208684 -0.0851164
-7.1 -8.3735e-05 -0.0852905
-7.094 2.4844e-05 -0.0853379
-7.088 2.83449e-06 -0.085561
-7.082 -7.85441e-06 -0.0855843
-7.076 -6.00948e-05 -0.0856461
-7.07 -0.000186695 -0.085505
-7.064 -8.58558e-06 -0.085861
-7.058 -1.51132e-05 -0.0858814
-7.052 -7.82863e-05 -0.08595
-7.046 2.3021e-05 -0.0861514
-7.04 2.37753e-05 -0.0863004
-7.034 1.70152e-05 -0.086395
-7.028 -1.83744e-05 -0.0864893
-7.022 -6.52059e-05 -0.0864917
-7.016 -0.000201601 -0.0866984
-7.01 -0.000245407 -0.0865996
-7.004 -4.48134e-06 -0.0868155
-6.998 -7.49192e-06 -0.0869386
-6.992 -1.27126e-05 -0.0870584
-6.986 1.79118e-06 -0.0871979
-6.98 -5.76188e-06 -0.0872857
-6.974 -1.60791e-05 -0.0873482
-6.968 2.46178e-05 -0.0874473
-6.962 -4.27523e-05 -0.0875177
-6.956 -4.7013e-05 -0.0875795
-6.95 3.62973e-06 -0.0876608
-6.944 1.86042e-05 -0.0877384
-6.938 2.48866e-05 -0.0878555
-6.932 1.9287e-05 -0.0879128
-6.926 -9.93619e-05 -0.0879219
-6.92 -2.40122e-05 -0.0880358
-6.914 -5.41426e-05 -0.0881854
-6.908 -0.000161177 -0.088291
-6.902 -0.000236286 -0.088327
-6.896 3.49956e-07 -0.0884394
-6.89 3.40111e-06 -0.08852
-6.884 -7.04971e-06 -0.088729
-6.878 -3.79753e-05 -0.0886763
-6.872 2.31713e-05 -0.0887545
-6.866 2.576e-05 -0.088801
-6.86 1.35218e-05 -0.0889494
-6.854 2.40912e-05 -0.0891152
-6.848 1.60143e-05 -0.089203
-6.842 -8.9846e-06 -0.089299
-6.836 -5.29423e-05 -0.0893295
-6.83 -1.90299e-05 -0.0894345
-6.824 -0.000117626 -0.0894863
-6.818 -0.000139175 -0.0896037
-6.812 -5.62886e-06 -0.0897842
-6.806 -3.5033e-06 -0.0899226
-6.8 -1.31866e-05 -0.0898973
-6.794 -7.57136e-05 -0.0899692
-6.788 -2.49636e-05 -0.0899965
-6.782 -1.95923e-05 -0.0901212
-6.776 2.09498e-05 -0.0902724
-6.77 9.11031e-06 -0.0903851
-6.764 1.07003e-05 -0.0905223
-6.758 -5.87603e-05 -0.0906446
-6.752 -8.21889e-05 -0.0907592
-6.746 -0.000151115 -0.0907786
-6.74 1.47982e-06 -0.0909601
-6.734 -0.000151258 -0.0909612
-6.728 -0.000205746 -0.0910534
-6.722 -2.52221e-05 -0.0911224
-6.716 -4.47736e-05 -0.0911643
-6.71 -0.000131976 -0.0911417
-6.704 -0.000107909 -0.0912204
-6.698 2.13251e-05 -0.0913915
-6.692 1.81231e-05 -0.0914738
-6.686 2.2243e-05 -0.0915535
-6.68 -4.17362e-05 -0.0915813
-6.674 -0.00016542 -0.0916786
-6.668 -1.55276e-05 -0.091791
-6.662 -0.000143132 -0.0918342
-6.656 -5.79371e-06 -0.0919009
-6.65 -0.000222011 -0.0919384
-6.644 -4.08013e-06 -0.0921107
-6.638 -7.53377e-06 -0.0922091
-6.632 -2.07668e-05 -0.0924309
-6.626 -5.18282e-05 -0.0924338
-6.62 -0.000161227 -0.0924283
-6.614 -4.82024e-05 -0.0926397
-6.608 1.95249e-05 -0.0928104
-6.602 1.42152e-05 -0.0929489
-6.596 2.46656e-05 -0.0930941
-6.59 4.92646e-06 -0.0931795
-6.584 -2.74735e-05 -0.0932766
-6.578 -2.93753e-05 -0.093375
-6.572 -0.000301112 -0.0933572
-6.566 -0.000174209 -0.0935488
-6.56 -1.90804e-06 -0.0937481
-6.554 -7.03271e-06 -0.0938507
-6.548 -1.60749e-05 -0.0939044
-6.542 -4.42528e-05 -0.0939606
-6.536 -2.33327e-05 -0.0941102
-6.53 -9.96571e-06 -0.0942057
-6.524 4.13278e-06 -0.0942708
-6.518 2.46501e-05 -0.0944046
-6.512 2.18095e-05 -0.0945377
-6.506 1.81603e-06 -0.0946195
-6.5 -3.72899e-05 -0.0947294
-6.494 -6.32451e-05 -0.0948298
-6.488 -0.00030201 -0.0948041
-6.482 -1.37573e-06 -0.095085
-6.476 -4.39566e-06 -0.0951367
-6.47 -1.1725e-05 -0.0952456
-6.464 -7.21984e-06 -0.0953503
-6.458 -3.63331e-05 -0.0953616
-6.452 -8.38788e-05 -0.095396
-6.446 -0.000100124 -0.0954685
-6.44 -5.53963e-05 -0.0956023
-6.434 2.53709e-05 -0.0957615
-6.428 2.70521e-05 -0.0958454
-6.422 5.31144e-06 -0.0959421
-6.416 -6.62167e-05 -0.0960491
-6.41 -0.000174518 -0.0960786
-6.404 -0.000195911 -0.096231
-6.398 -4.44158e-06 -0.0963743
-6.392 -9.9325e-06 -0.0964073
-6.386 -1.89826e-05 -0.0964951
-6.38 -1.12885e-05 -0.0966099
-6.374 -7.65813e-05 -0.0966195
-6.368 -7.45807e-05 -0.0966948
-6.362 -4.09754e-05 -0.0968054
-6.356 -2.17002e-05 -0.096899
-6.35 2.3635e-05 -0.0970328
-6.344 2.30256e-05 -0.0971613
-6.338 9.48306e-06 -0.0972541
-6.332 -1.7401e-05 -0.0973616
-6.326 -4.06756e-07 -0.0974452
-6.32 -0.000251902 -0.0974506
-6.314 3.15096e-06 -0.0976404
-6.308 1.17555e-07 -0.0977546
-6.302 -6.63365e-06 -0.0978319
-6.296 -1.57676e-05 -0.0978996
-6.29 -1.217e-05 -0.0979908
-6.284 -8.00668e-05 -0.0979892
-6.278 -7.67367e-05 -0.0980882
-6.272 8.26278e-07 -0.0982521
-6.266 2.55742e-05 -0.0983739
-6.26 2.52764e-05 -0.0985163
-6.254 2.82745e-05 -0.09864
-6.248 -5.43315e-06 -0.0987599
-6.242 -5.6345e-05 -0.0991066
-6.236 -0.00020494 -0.0988235
-6.23 -0.000214997 -0.0989252
-6.224 -1.15593e-06 -0.0993381
-6.218 -1.93306e-06 -0.0994299
-6.212 -4.81818e-06 -0.0995352
-6.206 -1.93038e-05 -0.0995692
-6.2 -9.89794e-05 -0.0995533
-6.194 -1.91105e-05 -0.0997383
-6.188 -0.000111434 -0.0996444
-6.182 -2.10286e-05 -0.100083
-6.176 2.86625e-05 -0.100249
-6.17 1.3412e-05 -0.0999909
-6.164 5.56572e-07 -0.100438
-6.158 5.65447e-06 -0.100477
-6.152 -0.000104864 -0.1006
-6.146 -9.43306e-05 -0.10069
-6.14 2.03509e-06 -0.10102
-6.134 5.9156e-07 -0.100696
-6.128 -3.38615e-06 -0.100381
-6.122 -1.41158e-05 -0.100334
-6.116 -1.64025e-05 -0.100386
-6.11 -6.49989e-05 -0.100381
-6.104 -0.000206705 -0.100329
-6.098 -2.23584e-05 -0.10058
-6.092 9.43195e-06 -0.101627
-6.086 2.8014e-05 -0.101703
-6.08 2.93152e-05 -0.101899
-6.074 2.65047e-05 -0.101915
-6.068 2.94964e-05 -0.102026
-6.062 2.13539e-06 -0.101808
-6.056 -0.000165229 -0.101828
-6.05 4.61968e-06 -0.101803
-6.044 -2.48467e-06 -0.101903
-6.038 -6.48955e-06 -0.10198
-6.032 -4.00169e-05 -0.102008
-6.026 -9.51026e-06 -0.102099
-6.02 -6.052e-05 -0.10207
-6.014 -0.000112255 -0.102376
-6.008 1.34216e-05 -0.102573
-6.002 2.83789e-05 -0.102565
-5.996 3.01062e-05 -0.102646
-5.99 -5.39282e-06 -0.102651
-5.984 -4.97368e-05 -0.102622
-5.978 -2.42127e-06 -0.102738
-5.972 -0.000268528 -0.102704
-5.966 3.94867e-06 -0.102949
-5.96 -3.0051e-06 -0.103083
-5.954 -4.77514e-06 -0.103204
-5.948 -1.21237e-05 -0.103247
-5.942 -3.13825e-05 -0.10336
-5.936 -8.62435e-05 -0.103398
-5.93 -2.53492e-05 -0.103551
-5.924 1.82168e-05 -0.103714
-5.918 1.72555e-05 -0.103856
-5.912 2.55011e-05 -0.103984
-5.906 2.4894e-06 -0.104105
-5.9 -7.91132e-05 -0.104248
-5.894 -8.46337e-05 -0.104387
-5.888 4.19869e-06 -0.104688
-5.882 -0.000214289 -0.104758
-5.876 -4.17e-06 -0.104851
-5.87 -8.80958e-06 -0.104883
-5.864 -7.8593e-06 -0.104991
-5.858 -8.91403e-06 -0.105039
-5.852 -4.197e-05 -0.105066
-5.846 -6.50809e-05 -0.105115
-5.84 -1.3337e-06 -0.105286
-5.834 2.74018e-05 -0.10543
-5.828 2.89601e-05 -0.105612
-5.822 2.76307e-05 -0.105697
-5.816 -2.66949e-05 -0.105838
-5.81 -0.000213855 -0.106036
-5.804 -9.71754e-07 -0.106132
-5.798 -2.21475e-06 -0.106193
-5.792 -2.10698e-06 -0.10626
-5.786 -5.49282e-06 -0.106349
-5.78 -5.11678e-06 -0.106446
-5.774 -1.96246e-05 -0.106487
-5.768 -6.43149e-05 -0.106525
-5.762 -4.4335e-05 -0.106657
-5.756 1.21907e-06 -0.10678
-5.75 2.88745e-05 -0.106924
-5.744 2.53791e-05 -0.107006
-5.738 1.10964e-05 -0.107122
-5.732 -2.58105e-05 -0.107253
-5.726 -7.64581e-05 -0.10737
-5.72 -0.000211343 -0.107443
-5.714 -0.000278498 -0.107423
-5.708 -3.10099e-06 -0.1077
-5.702 -4.81965e-06 -0.107673
-5.696 -1.23806e-05 -0.10778
-5.69 -2.74021e-05 -0.10785
-5.684 -0.000171305 -0.107704
-5.678 -1.60141e-05 -0.107939
-5.672 -9.65599e-06 -0.108057
-5.666 2.86155e-05 -0.108186
-5.66 2.91753e-05 -0.108305
-5.654 1.89677e-05 -0.108414
-5.648 -1.08022e-05 -0.1085
-5.642 1.29439e-06 -0.108608
-5.636 -0.00011726 -0.108663
-5.63 -5.20421e-05 -0.108798
-5.624 -5.68866e-05 -0.108907
-5.618 -0.000117286 -0.108971
-5.612 2.11143e-08 -0.109129
-5.606 -7.29177e-06 -0.109248
-5.6 -8.08775e-06 -0.10934
-5.594 -0.000111659 -0.109331
-5.588 -3.73091e-05 -0.109409
-5.582 -0.000110932 -0.109453
-5.576 2.77701e-06 -0.109567
-5.57 2.3625e-05 -0.109658
-5.564 1.97633e-05 -0.109969
-5.558 3.07701e-05 -0.110068
-5.552 -6.35751e-06 -0.110169
-5.546 -1.17305e-05 -0.110253
-5.54 -0.000123093 -0.110327
-5.534 -3.44378e-05 -0.110435
-5.528 3.07354e-05 -0.110535
-5.522 -6.98113e-05 -0.110559
-5.516 3.0181e-05 -0.110728
-5.51 2.50269e-05 -0.110826
-5.504 2.82313e-05 -0.110904
-5.498 -2.68405e-05 -0.11098
-5.492 -5.04308e-05 -0.111054
-5.486 -5.35028e-05 -0.111135
-5.48 -2.12532e-05 -0.111262
-5.474 1.0814e-05 -0.111376
-5.468 1.55184e-05 -0.111468
-5.462 3.03202e-05 -0.111582
-5.456 1.64594e-05 -0.111673
-5.45 -3.0094e-05 -0.111767
-5.444 -7.36053e-05 -0.111861
-5.438 -0.000201549 -0.111919
-5.432 7.59167e-07 -0.112095
-5.426 -5.58033e-06 -0.112187
-5.42 -6.38843e-06 -0.112284
-5.414 -9.77269e-06 -0.11234
-5.408 -1.96969e-05 -0.112413
-5.402 -6.22059e-05 -0.112437
-5.396 -9.8063e-06 -0.112643
-5.39 -3.65657e-05 -0.112651
-5.384 -4.83418e-05 -0.112705
-5.378 2.51024e-05 -0.112871
-5.372 2.79915e-05 -0.112961
-5.366 -8.57923e-06 -0.113078
-5.36 3.05324e-05 -0.113157
-5.354 2.99777e-05 -0.11323
-5.348 2.33561e-06 -0.113283
-5.342 -2.74654e-05 -0.113099
-5.336 -9.61113e-05 -0.113113
-5.33 -0.000128932 -0.113219
-5.324 -0.000238935 -0.113289
-5.318 1.16933e-06 -0.113523
-5.312 -0.000249714 -0.113534
-5.306 -7.83664e-06 -0.11378
-5.3 -1.31986e-05 -0.11372
-5.294 -3.1449e-05 -0.11376
-5.288 -4.43233e-05 -0.11383
-5.282 -5.78053e-05 -0.113956
-5.276 -4.18745e-05 -0.114019
-5.27 -1.27941e-05 -0.114193
-5.264 -0.000127528 -0.114181
-5.258 -4.7839e-05 -0.114349
-5.252 2.846e-05 -0.11452
-5.246 -7.52932e-07 -0.114684
-5.24 -2.75657e-05 -0.114782
-5.234 -2.14696e-05 -0.11484
-5.228 -7.75229e-05 -0.114939
-5.222 -0.000151021 -0.115137
-5.216 -4.22282e-06 -0.115198
-5.21 1.46451e-06 -0.115177
-5.204 -5.3266e-06 -0.1154
-5.198 -8.10193e-06 -0.115381
-5.192 -1.88801e-05 -0.115461
-5.186 -2.94134e-05 -0.115511
-5.18 -5.2351e-05 -0.115526
-5.174 -4.64587e-05 -0.115607
-5.168 -1.28567e-06 -0.115753
-5.162 1.65022e-05 -0.115846
-5.156 3.18056e-05 -0.115916
-5.15 3.14083e-05 -0.115908
-5.144 2.40259e-05 -0.115991
-5.138 -3.25584e-05 -0.116092
-5.132 -5.2088e-05 -0.115946
-5.126 -0.000163994 -0.116014
-5.12 -0.000118433 -0.11611
-5.114 -3.69363e-06 -0.116718
-5.108 -3.78409e-06 -0.116804
-5.102 -8.87938e-06 -0.11744
-5.096 -2.38485e-06 -0.116984
-5.09 -6.81605e-06 -0.117073
-5.084 -4.54416e-05 -0.117503
-5.078 -0.000129635 -0.118127
-5.072 -3.16257e-05 -0.118283
-5.066 -1.00701e-05 -0.118409
-5.06 2.57525e-05 -0.118518
-5.054 1.72699e-05 -0.118627
-5.048 3.24602e-05 -0.118771
-5.042 3.24387e-05 -0.11883
-5.036 -1.66218e-05 -0.11893
-5.03 -4.56403e-05 -0.118986
-5.024 -0.000106367 -0.119114
-5.018 -0.000124258 -0.118334
-5.012 1.98365e-06 -0.118465
-5.006 -4.90413e-06 -0.119474
